tree
version=v4
num_class=1
num_tree_per_iteration=1
label_index=0
max_feature_idx=22
objective=regression
feature_names=Column_0 Column_1 Column_2 Column_3 Column_4 Column_5 Column_6 Column_7 Column_8 Column_9 Column_10 Column_11 Column_12 Column_13 Column_14 Column_15 Column_16 Column_17 Column_18 Column_19 Column_20 Column_21 Column_22
feature_infos=[-0.98483146067415728:27.748466257668714] [-0.98492518217722647:28.687116564417181] [-0.98584831490120028:31.096385542168676] [0:0.53291081741764434] [0.0029075701451336837:0.2682127487926817] [0.0081412197984952542:4.6933179483334637] [0.0065207005591594348:14.28782971877266] [0:0.99999999999976796] [0:0.99999999999977063] [-0.98022325744923966:3.3716393647617799] [-0.98385954214901228:10.766091712242323] [0:99.999999992528757] [-3.6578740036929958e-11:100.00000000000003] none none [-127.16729916445419:28.680297363069542] [-96.369419706665752:32.054706742642345] [-4.2717373201213213:4.2015117350865365] [-0.038433346137503828:0.042014719061134111] [0:2.1454872474358746] [0.0065207005591594348:14.28782971877262] [0.041713754993214086:67487860963.919563] [-0.14397927157771878:0.20261648712440028]
tree_sizes=3036 3081 3102 3114 3091 3087 3102 3119 3100 3108 3104 3129 3094 3115 3107 3108 3120 3102 3070 3124 3123 3101 3104 3116 3113 3113 3143

Tree=0
num_leaves=31
num_cat=0
split_feature=4 21 0 16 21 6 10 6 22 9 2 12 2 18 10 18 18 19 17 11 16 12 2 0 0 5 0 19 19 19
split_gain=5.76729 4.23026 3.45298 2.36013 1.98962 4.0855 1.66461 1.50721 1.36392 1.22441 1.20205 0.889944 0.817798 0.835658 0.71363 0.703372 0.64493 0.610005 0.640646 0.535488 0.501669 0.521201 0.437786 0.872585 0.662791 0.412586 0.388165 0.35687 0.353134 0.295597
threshold=0.038536398921560709 144.69060007342094 -0.093762231792614156 -0.70377469167291962 23.199405913262549 1.1701811305099068 0.18807030690268914 0.29771619396594245 0.0055567154634004797 0.030707843007580119 -0.1894788453628953 93.800930645865037 -0.3065608928803808 -0.00088460945761214161 0.11744231629910319 0.0018281665490829243 -0.0016251258451398115 1.4043113143162282 0.56261393819899752 68.058677789592394 -0.56146149271709611 23.41552272471974 0.6964416516679921 0.25001841756298809 0.32699723807928399 1.1318495771524508 0.080098606267543296 0.85904480859848964 1.3408602713700091 1.3196352844466961
decision_type=2 2 2 2 2 2 2 2 2 2 2 2 2 2 2 2 2 2 2 2 2 2 2 2 2 2 2 2 2 2
left_child=2 8 4 6 5 -1 9 19 15 25 16 22 -9 -14 -11 20 -7 18 -13 -5 21 -2 24 -24 -10 -4 -22 -12 -17 -8
right_child=1 -3 3 7 -6 10 29 12 11 14 27 17 13 -15 -16 28 -18 -19 -20 -21 26 -23 23 -25 -26 -27 -28 -29 -30 -31
leaf_value=0.0020818939484343576 0.0010145213027292015 0.011499122040624518 0.0013076107394208762 0.0017342812249446899 0.0016492927882982946 0.0096639928133762411 -0.00095852076185821262 0.0022321661446371224 0.0015017629415064009 0.0022966834816441927 0.0058902691165570367 0.0013196812808858437 0.001433381859273633 0.0011210198117065852 0.0012075842728476057 0.0035044034955179632 0.0059103767746675395 0.0025727862497155881 -0.0031264697940112376 0.0031764148842113797 0.001981944595881341 0.0025111698524620946 0.0014902054139792327 0.005387332064692758 -0.00077466185526655772 0.001670669881210605 0.0011303848449899273 0.0031724611351436373 0.0020464123381858331 0.0010173418638913534
leaf_weight=2204 627 117 15986 1466 4434 234 723 1792 5342 8708 207 123 24415 172659 1809 1368 243 107 251 1163 12829 7252 463 210 340 15295 1485 314 613 265
leaf_count=2204 627 117 15986 1466 4434 234 723 1792 5342 8708 207 123 24415 172659 1809 1368 243 107 251 1163 12829 7252 463 210 340 15295 1485 314 613 265
internal_value=0.00136889 0.00201097 0.00128955 0.00125681 0.00233649 0.00328648 0.00159402 0.00118518 0.00197498 0.00164208 0.00594138 0.00135212 0.00116943 0.00115974 0.00210888 0.00215132 0.00776361 -0.000721954 -0.001678 0.00237419 0.00207034 0.00239143 0.00150835 0.00271409 0.00136639 0.00148497 0.00189325 0.00426254 0.00305582 -0.000433707
internal_weight=283044 31127 251917 244281 7636 3202 42786 201495 31010 41798 998 6836 198866 197074 10517 24174 477 481 374 2629 22193 7879 6355 673 5682 31281 14314 521 1981 988
internal_count=283044 31127 251917 244281 7636 3202 42786 201495 31010 41798 998 6836 198866 197074 10517 24174 477 481 374 2629 22193 7879 6355 673 5682 31281 14314 521 1981 988
is_linear=0
shrinkage=1


Tree=1
num_leaves=31
num_cat=0
split_feature=4 0 16 8 1 5 11 8 6 11 2 9 8 0 18 2 1 17 0 18 7 18 4 0 9 11 19 5 19 18
split_gain=5.20525 3.12587 2.17661 1.91624 1.71189 1.66473 1.60332 1.63439 1.35365 1.07983 1.28696 0.96083 1.11201 0.835638 0.80798 0.763418 0.740138 0.705543 0.888483 0.877694 1.55787 0.606312 0.541096 0.504777 0.501091 0.480524 0.477804 0.539154 0.445867 0.404441
threshold=0.038536398921560709 -0.10194363643232217 -0.74005417690571229 0.66592177933194852 0.26666666666666677 0.99405733178469935 80.978213114467991 0.36049341800805251 0.29771619396594245 31.726307213392698 -0.19782344555324041 0.016402003251363432 0.54799439989183452 -0.1346019740371204 -0.00088460945761214161 -0.3065608928803808 0.11796212496371318 0.51253665062152931 0.32699723807928399 0.0037503908576020433 0.99999999996683242 0.0010235294168528775 0.062953665626560559 0.21116946125343208 -0.02148664343786327 68.058677789592394 1.4043113143162282 1.1924997517606588 1.5109650951786857 -0.0011460709917553811
decision_type=2 2 2 2 2 2 2 2 2 2 2 2 2 2 2 2 2 2 2 2 2 2 2 2 2 2 2 2 2 2
left_child=1 5 4 6 11 -1 16 -8 25 10 13 29 -13 -7 24 -16 21 19 -19 -5 28 -2 -18 -24 -10 -4 27 -20 -21 -3
right_child=3 2 8 17 -6 9 7 -9 14 -11 -12 12 -14 -15 15 -17 22 18 26 20 -22 -23 23 -25 -26 -27 -28 -29 -30 -31
leaf_value=0.00026141308949070196 0.0006377832500249472 0.00059680236884360855 0.0003509353582441529 0.00027158562594154092 -0.0021366490473234811 0.0055640731763496928 0.0099525015329947689 0.00096373817711522711 0.00038181184259554544 0.00064794886009335003 0.0014280123899084543 0.0010242340421275943 0.00021201297453739753 0.0023335548633422794 0.00081854680780208604 -0.00023272632767591669 0.0012632861567237403 -7.5379333636223911e-05 0.00013648414929995259 0.0018594123563927568 0.0075927102910586909 0.0016688550162876226 0.0034441676435200195 -0.0003083702919676821 -8.3559028957792955e-05 0.0017171570324665466 0.00042971208067891137 -0.0039809682582299492 -0.0012803582313486578 -1.9057540973157655e-05
leaf_weight=3128 11801 3068 1467 10202 751 459 100 105 8892 1035 956 7284 10046 368 1742 174800 2273 3047 101 459 109 1631 584 103 16521 1163 127 337 148 20237
leaf_count=3128 11801 3068 1467 10202 751 459 100 105 8892 1035 956 7284 10046 368 1742 174800 2273 3047 101 459 109 1631 584 103 16521 1163 127 337 148 20237
internal_value=0 -7.53606e-05 -0.000102763 0.000610001 0.00022788 0.00105736 0.000977139 0.00537559 -0.000169675 0.00193906 0.00268564 0.000271709 0.000553691 0.00413305 -0.000184373 -0.000222324 0.000921794 0.000190287 -0.000414789 0.000390924 0.00208407 0.000763366 0.00163897 0.00287432 7.90782e-05 0.000957029 -0.00223601 -0.00302028 0.00108555 6.18054e-05
internal_weight=283044 251917 245971 31127 41386 5946 16597 205 204585 2818 1783 40635 17330 827 201955 176542 16392 14530 3612 10918 716 13432 2960 687 25413 2630 565 438 607 23305
internal_count=283044 251917 245971 31127 41386 5946 16597 205 204585 2818 1783 40635 17330 827 201955 176542 16392 14530 3612 10918 716 13432 2960 687 25413 2630 565 438 607 23305
is_linear=0
shrinkage=0.05


Tree=2
num_leaves=31
num_cat=0
split_feature=4 21 10 6 8 10 10 9 21 6 12 8 9 12 18 0 4 12 11 18 4 6 4 0 8 16 10 17 4 16
split_gain=4.69835 3.73263 2.87043 2.26934 1.74507 1.64098 1.23223 1.2682 1.01844 2.84167 0.871124 0.800779 1.32559 0.690767 0.667951 0.629098 0.582941 0.482904 0.479492 0.458055 0.442897 0.759707 0.433869 0.549504 0.526527 0.430989 0.670648 0.355682 0.329334 0.305991
threshold=0.038536398921560709 144.69060007342094 -0.14591628756359395 1.3635775614378904 0.67419354837078604 0.17129665401142349 0.18807030690268914 -0.025099213709908027 22.323942327205028 1.2120047519105961 93.800930645865037 0.55298318729139484 0.024254835872286388 43.780590645222233 -0.00059674717558409274 -0.12276358845318956 0.033214467372529928 73.623838841932937 64.705062850297708 0.0047653937085089136 0.05370082817231224 1.411091000458083 0.062953665626560559 -0.027522935779816512 0.059667189703819921 -5.6039839639133548 0.45238464975645348 0.4839049996316796 0.048497215370916495 -0.042899899942849588
decision_type=2 2 2 2 2 2 2 2 2 2 2 2 2 2 2 2 2 2 2 2 2 2 2 2 2 2 2 2 2 2
left_child=2 4 8 6 13 11 7 14 9 -1 19 12 -5 20 -4 -11 -9 -10 -8 -6 21 -2 24 -24 -15 -12 -27 -13 -21 -22
right_child=1 -3 3 5 10 -7 18 16 17 15 25 27 -14 22 -16 -17 -18 -19 -20 28 29 -23 23 -25 -26 26 -28 -29 -30 -31
leaf_value=0.00076936450788212733 0.00050007470818755069 0.0094922259068104618 0.0004523234899420685 0.00026480059921533879 0.00014736306427292627 -0.0013565704526485403 8.5106370189746839e-05 -0.00024598922780645773 0.000197720876216439 0.0072358838856491419 0.00057353505941605174 -0.00013710160734509551 0.0011396885841640492 0.0025361270426495445 -7.9214624703880331e-05 0.0028113207321236802 0.00013418354614572688 0.0012368671377756724 0.0014149231582483578 0.00057359014554004097 -0.00057216449713435777 0.0031988547021990187 0.0027639300262213944 0.0010386089697549626 0.00087589622950306448 -0.001013836131610678 -0.005402673767908847 0.00032921099284048108 0.0030233309495324473 0.00082448268109500296
leaf_weight=967 2528 117 10932 14631 12998 1523 1155 169638 2544 264 125 9680 6163 506 12839 122 10703 2014 1670 341 1447 292 821 1086 9725 220 148 7072 237 536
leaf_count=967 2528 117 10932 14631 12998 1523 1155 169638 2544 264 125 9680 6163 506 12839 122 10703 2014 1670 341 1447 292 821 1086 9725 220 148 7072 237 536
internal_value=6.0215e-09 0.000579553 -7.15834e-05 -9.77642e-05 0.000545733 0.000251687 -0.000163764 -0.000178138 0.00101716 0.00222327 0.000133725 0.000317061 0.000524348 0.000887596 0.000165024 0.00585149 -0.000223399 0.000657993 0.00087302 0.000209038 0.000378433 0.000781399 0.00108866 0.00178412 0.00095852 -0.00192969 -0.00279348 5.94586e-05 0.00158707 -0.00019211
internal_weight=283044 31127 251917 246006 31010 39069 206937 204112 5911 1353 14069 37546 20794 16941 23771 386 180341 4558 2825 13576 4803 2820 12138 1907 10231 493 368 16752 578 1983
internal_count=283044 31127 251917 246006 31010 39069 206937 204112 5911 1353 14069 37546 20794 16941 23771 386 180341 4558 2825 13576 4803 2820 12138 1907 10231 493 368 16752 578 1983
is_linear=0
shrinkage=0.05


Tree=3
num_leaves=31
num_cat=0
split_feature=16 8 21 8 2 9 11 10 9 5 6 1 16 6 2 11 18 18 18 21 3 1 22 1 22 18 9 18 18 11
split_gain=3.66083 1.76763 2.49514 2.23469 1.62506 1.54032 1.42751 1.32283 1.34674 0.953045 0.749477 1.08336 0.942137 0.695624 0.668234 0.504017 0.500869 0.53518 0.474121 0.818737 0.447125 0.659253 0.440647 0.440096 0.432221 0.410909 0.382561 0.376955 0.361404 0.341645
threshold=-0.70377469167291962 0.5896014638242687 18.558941466947463 1.0000000180025095e-35 -0.23985208382371501 0.030707843007580119 87.742729498946105 0.23657311096268288 -0.025998902993062564 0.99704440653738213 3.1055860692018573 0.22293404031781475 -6.9647669828672569 2.1777604595117386 -0.1894788453628953 57.722308277792933 0.00062813771150805296 -0.00022666452668362511 -0.0011460709917553811 25.92726200492616 0.050265723435845365 -0.088113321105124362 0.0072004813508122862 0.43318754771360685 0.0063112332943708006 0.00041392192943344967 0.06985442273445909 -0.00055062617455408204 0.0018281665490829243 71.375677214836017
decision_type=2 2 2 2 2 2 2 2 2 2 2 2 2 2 2 2 2 2 2 2 2 2 2 2 2 2 2 2 2 2
left_child=1 2 3 9 6 18 29 8 27 -1 -3 -12 -13 24 -11 -9 17 -10 19 -4 -5 -22 28 -14 -7 -20 -18 -6 -17 -2
right_child=4 10 5 20 7 13 -8 15 16 14 11 12 23 -15 -16 22 26 -19 25 -21 21 -23 -24 -25 -26 -27 -28 -29 -30 -31
leaf_value=0.0011519078342333469 0.00041174185965413236 0.00013008852391850815 0.0020802846783831955 0.00084369820897712579 0.00041624731181987468 0.0019536321842860273 0.0058938388983024326 -0.00029426723537517028 -8.7381357424574295e-05 0.0073371307806419164 0.00018349765793604399 0.0002640504875670894 -0.002168963385087846 0.00039872174288214685 0.0032975565020724865 0.0013868327822740909 -2.1789459805485964e-05 -0.00027887326203672713 -1.9576889013974108e-05 0.00034742873729520611 0.0042107638067667725 0.0014518302451340614 4.1748550567968184e-05 -0.0048857579439351533 0.00034833000237939881 0.00049088446666961335 0.0010745835297090813 2.9859564982630392e-05 0.004321696737634593 0.0013706278649694449
leaf_weight=160 3894 23691 885 2759 12117 2532 133 723 57202 260 1232 317 515 1622 179 1894 31683 101193 12966 3013 260 1388 642 218 512 5654 816 13239 113 1232
leaf_count=160 3894 23691 885 2759 12117 2532 133 723 57202 260 1232 317 515 1622 179 1894 31683 101193 12966 3013 260 1388 642 218 512 5654 816 13239 113 1232
internal_value=2.04283e-08 0.000353616 0.000601224 0.00162737 -9.14111e-05 0.000412068 0.00077705 -0.00011223 -0.000127574 0.00449574 4.65459e-05 -0.000818544 -0.00199894 0.00123914 0.00570253 0.000870261 -0.000173064 -0.00020975 0.000240463 0.000742181 0.00123627 0.00189036 0.00118999 -0.00298434 0.00168528 0.000135159 5.58815e-06 0.000214703 0.00155477 0.000643201
internal_weight=283044 58163 32190 5006 224881 27184 5259 219622 216250 599 25973 2282 1050 4666 439 3372 190894 158395 22518 3898 4407 1648 2649 733 3044 18620 32499 25356 2007 5126
internal_count=283044 58163 32190 5006 224881 27184 5259 219622 216250 599 25973 2282 1050 4666 439 3372 190894 158395 22518 3898 4407 1648 2649 733 3044 18620 32499 25356 2007 5126
is_linear=0
shrinkage=0.05


Tree=4
num_leaves=31
num_cat=0
split_feature=4 21 0 21 6 6 1 8 10 10 11 18 12 8 0 11 18 18 22 1 21 5 10 16 11 6 17 6 4 11
split_gain=4.11425 3.29522 2.43823 1.62172 3.15358 1.61571 1.52027 1.51618 1.14587 1.03223 0.860268 0.741473 0.679586 0.565215 1.00239 0.555717 0.527882 0.52528 0.462482 0.63268 0.412171 0.424654 0.379736 0.420721 0.377938 0.316971 0.292167 0.287203 0.282164 0.259692
threshold=0.038536398921560709 144.69060007342094 -0.093762231792614156 23.199405913262549 1.1974597487430538 1.3635775614378904 0.24235089797285383 0.72774622494489438 -0.19485787593187173 0.17129665401142349 33.000455462071749 -0.00056492901149715852 93.800930645865037 0.54799439989183452 0.038961038961038981 28.534388944454665 -0.0017010744652272848 0.0047653937085089136 0.013668887319090715 0.11796212496371318 14.775754161533383 0.88925645121119268 0.33661449186170717 -4.2156311107851723 63.323558514507894 2.6874629464961894 0.4839049996316796 0.96980801114892656 0.048497215370916495 52.928381091595178
decision_type=2 2 2 2 2 2 2 2 2 2 2 2 2 2 2 2 2 2 2 2 2 2 2 2 2 2 2 2 2 2
left_child=2 7 3 4 27 8 13 15 29 11 16 -10 17 14 -7 20 -6 -9 19 -17 21 -2 -14 -24 -11 -8 -15 -1 -19 -4
right_child=1 -3 5 -5 10 6 25 12 9 24 -12 -13 22 26 -16 18 -18 28 -20 -21 -22 -23 23 -25 -26 -27 -28 -29 -30 -31
leaf_value=0.00035894345901296069 -0.0001042984889143603 0.0089166969758992087 -8.7874347524378299e-05 0.00019228721336665287 0.006315344439388644 0.00021616800527068827 -0.00074896973606577446 6.8796646136146821e-05 1.7157343989194458e-05 -3.6000136046070965e-06 0.0013727069029557187 -0.00022401278793285204 0.00047932398882230966 -0.0001301759530586714 0.0010001451762401601 0.00076250452419127936 0.0035389429987499896 0.00068203304580875812 -0.00077513795868816376 0.0015261102998925333 -0.00024811316937917979 0.0038404907008201695 -0.00031891917205745289 -0.0039270070898466073 0.0011676329346668917 -0.0024045026425905114 0.00028665432685173709 0.0017273505174935826 0.0030823291798874239 0.0012358824643512005
leaf_weight=1772 134 117 457 4434 364 14334 603 10803 39693 1050 223 160939 134 9788 5712 13250 348 297 409 3436 1840 134 131 225 1956 577 7360 495 217 1812
leaf_count=1772 134 117 457 4434 364 14334 603 10803 39693 1050 223 160939 134 9788 5712 13250 348 297 409 3436 1840 134 131 225 1956 577 7360 495 217 1812
internal_value=3.40901e-08 0.000542362 -6.69566e-05 0.000812783 0.00167043 -9.44772e-05 0.000203335 0.000510576 -0.000150004 -0.000162475 0.00411461 -0.000176275 6.42427e-05 0.000259507 0.000439811 0.000784743 0.00496605 0.00014359 0.0008792 0.000920055 1.63514e-05 0.00185014 -0.00175781 -0.00261382 0.00075687 -0.00156287 4.84386e-05 0.000660004 0.00170552 0.000967069
internal_weight=283044 31127 251917 7636 3202 244281 38374 31010 205907 203638 935 200632 11807 37194 20046 19203 712 11317 17095 16686 2108 268 490 356 3006 1180 17148 2267 514 2269
internal_count=283044 31127 251917 7636 3202 244281 38374 31010 205907 203638 935 200632 11807 37194 20046 19203 712 11317 17095 16686 2108 268 490 356 3006 1180 17148 2267 514 2269
is_linear=0
shrinkage=0.05


Tree=5
num_leaves=31
num_cat=0
split_feature=4 21 6 8 10 12 19 9 0 21 10 10 21 8 6 10 9 8 2 3 8 9 2 8 11 16 19 4 16 12
split_gain=3.76352 3.12391 2.33239 1.61127 1.17068 1.07821 0.980661 0.951254 0.785441 2.29265 0.763896 0.707806 0.57169 0.616558 0.74858 0.56848 0.563737 0.756413 0.441509 0.738845 0.520813 0.413704 0.409935 0.334852 0.333909 0.333269 0.312052 0.268243 0.242691 0.23541
threshold=0.03349005668861977 144.69060007342094 1.5237853611320997 0.65286071772879517 -0.14591628756359395 93.800930645865037 1.3956376883767787 -0.042872458048853472 -0.10771241418671849 22.323942327205028 0.20926351520756983 0.18807030690268914 12.599595833285163 0.28238733673054789 0.84275530642416596 -0.54085110719002627 0.019947187516726309 0.4477611940145359 0.99311295489156126 0.042011730271353132 0.99999999999566647 -0.019165302682976112 0.11301528287851605 0.0032679738561022845 64.705062850297708 -5.6039839639133548 0.98718976143245363 0.062953665626560559 -0.088139664061056541 73.623838841932937
decision_type=2 2 2 2 2 2 2 2 2 2 2 2 2 2 2 2 2 2 2 2 2 2 2 2 2 2 2 2 2 2
left_child=2 3 4 12 29 18 25 23 9 26 21 16 13 14 -2 -14 -10 -18 20 -20 -5 -9 -17 28 -12 -7 -4 -15 -6 -1
right_child=1 -3 8 5 7 6 -8 10 11 -11 24 -13 15 27 -16 22 17 -19 19 -21 -22 -23 -24 -25 -26 -27 -28 -29 -30 -31
leaf_value=0.00034791820878616523 0.00067951420227018756 0.007706617495723319 0.006908213619612468 0.00013928686674922097 0.0013860312685239934 -0.00061777478447316196 0.0018281658324539917 -1.9242779434079317e-05 8.9786046564722399e-05 0.00035731476698667503 1.6178227175353229e-05 -0.0013259754264319933 0.0040191964394631447 0.00046991171140148264 0.0036313869617428142 0.00044104104856042167 0.0011120353457280757 0.00030197842003676855 0.0033612328487975119 -3.2999731005830385e-05 -0.0012853638484958418 -0.00021450347957218757 0.00097778356599990198 0.00015618619829866785 0.0011904054484714584 -0.003484467159676324 0.0033680641543122609 0.0017426055383127723 0.00022402927428411126 0.0010879292110686615
leaf_weight=2545 373 146 173 20164 1446 139 143 32526 11331 860 1057 647 119 1491 522 17874 4340 8655 279 370 662 165173 4471 2410 1445 426 109 583 668 1897
leaf_count=2545 373 146 173 20164 1446 139 143 32526 11331 860 1057 647 119 1491 522 17874 4340 8655 279 370 662 165173 4471 2410 1445 426 109 583 668 1897
internal_value=3.99474e-08 0.00040472 -8.20886e-05 0.00038221 -0.000137732 7.05225e-05 -0.00184868 -0.000155175 0.000363389 0.00164661 -0.000171396 0.000304501 0.00065387 0.00130722 0.00240696 0.00056729 0.000348078 0.000572908 0.000134037 0.00141874 9.37552e-05 -0.000182404 0.000548665 0.000561534 0.000696358 -0.00278829 0.00555926 0.000830143 0.00102124 0.00066509
internal_weight=283044 47762 235282 47616 209167 22183 708 204725 26115 1142 200201 24973 25433 2969 895 22464 24326 12995 21475 649 20826 197699 22345 4524 2502 565 282 2074 2114 4442
internal_count=283044 47762 235282 47616 209167 22183 708 204725 26115 1142 200201 24973 25433 2969 895 22464 24326 12995 21475 649 20826 197699 22345 4524 2502 565 282 2074 2114 4442
is_linear=0
shrinkage=0.05


Tree=6
num_leaves=31
num_cat=0
split_feature=4 21 16 0 21 1 8 11 6 5 11 0 11 8 0 10 22 1 19 17 10 10 6 10 4 1 21 5 3 1
split_gain=3.44335 2.60098 2.16506 1.87777 2.86507 1.41534 1.11008 1.08696 0.969768 0.902573 0.657973 0.619726 0.613963 0.566661 0.513392 0.398349 0.37934 0.45323 0.369378 0.367238 0.624474 0.549226 0.364099 0.348323 0.324191 0.318111 0.312779 0.309139 0.273514 0.299508
threshold=0.040484605923885635 144.69060007342094 -0.53374343643461564 -0.10194363643232217 21.542611689842833 0.26666666666666677 0.72774622494489438 35.837984489191804 0.34193626531065696 1.127688968327442 29.146849677183329 -0.045986803444598483 62.20579624083787 0.99999999999566647 0.034683623173206952 -0.19485787593187173 0.015835976629323744 0.11796212496371318 0.74313580413096081 0.51253665062152931 0.45238464975645348 0.45238464975645348 2.4290241875468808 -0.16389257659406756 0.02412585502210858 0.301709064054062 14.522103362414386 0.88925645121119268 0.032855491526127219 -0.049376891401389782
decision_type=2 2 2 2 2 2 2 2 2 2 2 2 2 2 2 2 2 2 2 2 2 2 2 2 2 2 2 2 2 2
left_child=2 6 3 4 7 9 10 15 12 -5 26 28 -4 19 -11 -1 17 -12 -6 21 -21 -8 -7 -13 -14 -25 27 -2 29 -10
right_child=1 -3 8 5 18 22 13 -9 11 14 16 23 24 -15 -16 -17 -18 -19 -20 20 -22 -23 -24 25 -26 -27 -28 -29 -30 -31
leaf_value=0.0077378488429737796 -7.3232661810024541e-05 0.0082484493403858564 -1.6618865426779118e-05 -4.119163958635784e-05 0.001601921739675245 -0.0005615258746180014 0.00030067146020642665 0.0010794529444468331 0.00023525966202212422 0.00019324088611906085 0.00076334675176488551 0.00075622721562831961 0.00084820787838072354 -0.0013086752019058798 0.00061595258160398471 0.0043931420792385194 -0.0010345377898588204 0.0014447825586808131 5.7044451842462108e-06 -0.00014176873030587368 -0.0037086352893419073 0.0029051042880750715 -0.0025617339099734135 -0.00019896304396388944 0.0022744621208499916 0.00077703949093134092 -0.00031310631778216046 0.0036112860563382019 -0.00039129895963517861 -0.00012388194106598992
leaf_weight=116 116 109 1933 24712 487 391 6939 247 17256 17488 10935 968 1610 667 12249 487 251 3174 1441 2246 130 209 570 163365 540 837 1759 107 2977 8728
leaf_count=116 116 109 1933 24712 487 391 6939 247 17256 17488 10935 968 1610 667 12249 487 251 3174 1441 2246 130 209 570 163365 540 837 1759 107 2977 8728
internal_value=5.26999e-08 0.000541087 -5.61453e-05 0.000211982 0.00148069 0.000148281 0.000509205 0.00389954 -0.000134882 0.000181938 0.000764643 -0.000150942 0.000627467 9.90972e-05 0.00036753 0.00504604 0.000882542 0.000917008 0.000411554 0.000198226 -0.000339178 0.000377561 -0.00175326 -0.000188358 0.00120884 -0.000193957 -8.70384e-05 0.00167309 6.22723e-05 0.000114432
internal_weight=283044 26642 256402 58188 2778 55410 26533 850 198214 54449 16342 194131 4083 10191 29737 603 14360 14109 1928 9524 2376 7148 961 165170 2150 164202 1982 223 28961 25984
internal_count=283044 26642 256402 58188 2778 55410 26533 850 198214 54449 16342 194131 4083 10191 29737 603 14360 14109 1928 9524 2376 7148 961 165170 2150 164202 1982 223 28961 25984
is_linear=0
shrinkage=0.05


Tree=7
num_leaves=31
num_cat=0
split_feature=4 21 6 22 0 21 10 18 1 12 1 16 1 9 16 18 18 11 9 7 11 4 21 0 18 12 12 18 6 21
split_gain=3.14394 2.58029 1.96769 1.237 1.06339 2.40246 0.854735 0.750004 0.742742 0.665839 0.714719 0.623876 0.573815 0.930906 0.57263 0.566235 0.523591 0.458769 0.413334 0.393176 0.350624 0.344592 0.34328 0.311078 0.295259 0.293485 0.262332 0.26085 0.222285 0.272386
threshold=0.03349005668861977 144.69060007342094 1.3211242530497793 0.0055567154634004797 -0.10194363643232217 23.778672964896661 -0.14591628756359395 -0.0011460709917553811 0.301709064054062 93.800930645865037 0.34829171329026759 -6.9647669828672569 0.17099563952097865 0.027496987746198246 -0.77610092065233416 0.0020041105474405811 -0.00055062617455408204 31.726307213392698 -0.036921825152923797 0.99999999996683242 71.043449517127996 0.062953665626560559 16.638697366746907 -0.1346019740371204 -0.0010368784601665112 23.889976241382339 73.623838841932937 -0.00022666452668362511 3.1055860692018573 28.767673672140798
decision_type=2 2 2 2 2 2 2 2 2 2 2 2 2 2 2 2 2 2 2 2 2 2 2 2 2 2 2 2 2 2
left_child=2 3 6 14 5 17 26 18 27 -5 -11 -12 13 24 16 21 22 23 -8 -15 -10 -16 -2 -4 -6 -18 -1 -9 -14 -30
right_child=1 -3 4 9 12 -7 7 8 20 10 11 -13 28 19 15 -17 25 -19 -20 -21 -22 -23 -24 -25 -26 -27 -28 -29 29 -31
leaf_value=0.00021822723217803636 0.0022441510372680161 0.0070063176146542049 0.0060991280537968035 -4.3961072848565574e-05 0.00051745791362697369 0.00019242793304903745 0.00079676694791647846 -0.00010307400317538848 0.0002543923403465915 0.0013416469455241934 0.00085224540212026239 -0.0033603623270810736 -0.00031505806828161886 0.00071998453667854179 0.00024287646471023318 0.001404376065089908 -0.00081517208275327588 0.0011342780012634608 5.8471810067793792e-05 -8.7453803211348386e-06 0.0017116776900187487 0.00088972111854864497 0.00091982815104794209 0.0033675229177444958 -1.0769507422771252e-05 0.00067088670100415109 0.0010315100550735068 -0.00023966903434624706 -0.0028231848504035508 -0.00053230609220200349
leaf_weight=2280 891 146 245 8736 3008 1214 2141 49453 1045 153 108 433 1299 10015 23415 1219 342 105 16745 2254 693 2266 1129 203 21814 8924 1782 120445 233 308
leaf_count=2280 891 146 245 8736 3008 1214 2141 49453 1045 153 108 433 1299 10015 23415 1219 342 105 16745 2254 693 2266 1129 203 21814 8924 1782 120445 233 308
internal_value=5.407e-08 0.000369928 -7.50087e-05 0.000349459 0.000241115 0.00144116 -0.000141153 -0.000156475 -0.000189395 -0.000162977 -0.00165371 -0.00251016 0.000186516 0.000229372 0.000476136 0.00035038 0.000775426 0.00417294 0.000142437 0.000585699 0.000838404 0.00030015 0.00150653 0.00487356 5.3043e-05 0.00061549 0.000576262 -0.000199939 -0.000674626 -0.00152853
internal_weight=283044 47762 235282 47616 40698 1767 194584 190522 171636 9430 694 541 38931 37091 38186 26900 11286 553 18886 12269 1738 25681 2020 448 24822 9266 4062 169898 1840 541
internal_count=283044 47762 235282 47616 40698 1767 194584 190522 171636 9430 694 541 38931 37091 38186 26900 11286 553 18886 12269 1738 25681 2020 448 24822 9266 4062 169898 1840 541
is_linear=0
shrinkage=0.05


Tree=8
num_leaves=31
num_cat=0
split_feature=4 21 16 18 21 2 1 8 6 9 8 18 12 11 8 10 9 1 2 18 5 4 4 2 9 2 4 6 19 21
split_gain=2.87528 2.14035 1.83332 1.34402 1.61223 1.40787 1.18296 0.957322 0.834443 0.804609 0.888682 0.645572 0.597155 0.530909 0.49397 0.484185 0.443988 0.347858 0.34386 0.317916 0.313929 0.29903 0.28886 0.450965 0.300291 0.272231 0.268784 0.335191 0.257537 0.238732
threshold=0.040484605923885635 144.69060007342094 -0.43590390910569138 -0.0017812834554608739 23.498652925643359 -0.13228015401697038 0.26666666666666677 0.72774622494489438 0.34193626531065696 0.01856453243538703 0.47856480657619344 -0.00056492901149715852 35.589551012241607 68.59560918662855 0.99999999999566647 -0.14591628756359395 -0.026991409979735311 0.301709064054062 -0.23985208382371501 0.0017545158822793408 1.107555996893715 0.02412585502210858 0.070862694611322372 -0.1818181818181818 0.057448452785565991 -0.0294117647058823 0.05370082817231224 1.4788270012206528 1.4296078304082689 6.2627880421946527
decision_type=2 2 2 2 2 2 2 2 2 2 2 2 2 2 2 2 2 2 2 2 2 2 2 2 2 2 2 2 2 2
left_child=2 7 3 4 5 20 9 12 13 15 -11 16 26 -4 29 -5 -10 18 -13 -8 -1 -15 24 -24 -14 -7 27 -2 -16 -9
right_child=1 -3 8 6 -6 25 19 14 11 10 -12 17 22 21 28 -17 -18 -19 -20 -21 -22 -23 23 -25 -26 -27 -28 -29 -30 -31
leaf_value=0.0025268901453680951 0.0003184635242615419 0.0074864098073392704 0.00013872494802122346 0.00072206230808376096 0.00044211289729271434 0.0024031774186765846 -0.00038167842781881167 0.0024140521048553998 0.00035346224886580418 0.00080930403256787836 0.00014090401182199365 0.00044650736669213847 0.00067344734233827446 0.00090960446600722136 -0.0016905957234145453 -2.9752661298505941e-05 -5.4600650420321666e-05 0.00083741606611386049 -0.00020751708594707034 -0.0022783304346954041 0.0058508124116224977 0.0025521245747472509 3.4778317300963009e-05 0.0019602007923432033 0.0015434992173057153 0.00042827286372575834 -0.00041444438472057471 0.0032235065772813622 0.00085028613089426636 0.0001486044233835565
leaf_weight=101 1194 109 2574 2270 2989 325 351 118 8646 8013 13169 2033 10808 1128 548 37749 29060 813 145479 630 303 376 414 1204 1104 393 1509 109 119 9406
leaf_count=101 1194 109 2574 2270 2989 325 351 118 8646 8013 13169 2033 10808 1128 548 37749 29060 813 145479 630 303 376 414 1204 1104 393 1509 109 119 9406
internal_value=6.06193e-08 0.000494457 -5.12914e-05 0.000175087 0.00105081 0.00266775 0.000117108 0.000465517 -0.000130258 0.000144795 0.000393994 -0.000145789 0.000702729 0.000577002 8.46367e-05 1.27693e-05 3.88364e-05 -0.000192757 -0.000198469 -0.00160492 0.00503304 0.0013237 0.000840537 0.00147066 0.000754515 0.00132938 3.78805e-05 0.000565545 -0.00122972 0.000177223
internal_weight=283044 26642 256402 66293 4111 1122 62182 26533 190109 61201 21182 186031 16342 4078 10191 40019 37706 148325 147512 981 404 1504 13530 1618 11912 718 2812 1303 667 9524
internal_count=283044 26642 256402 66293 4111 1122 62182 26533 190109 61201 21182 186031 16342 4078 10191 40019 37706 148325 147512 981 404 1504 13530 1618 11912 718 2812 1303 667 9524
is_linear=0
shrinkage=0.05


Tree=9
num_leaves=31
num_cat=0
split_feature=4 21 6 8 8 0 8 21 11 0 9 16 17 2 5 5 11 0 21 8 15 21 18 2 9 8 16 22 0 18
split_gain=2.63298 2.09204 1.68407 1.21935 0.859513 0.717787 0.579544 1.36783 1.20421 0.894486 0.543691 0.523308 0.518372 0.521213 0.5174 0.510491 0.504167 0.481027 0.478641 0.579328 0.623207 0.425657 0.388683 0.410262 0.384864 0.35764 0.349334 0.326362 0.31883 0.289972
threshold=0.033214467372529928 144.69060007342094 1.5237853611320997 0.65286071772879517 0.035295176957147303 0.099612826887936837 0.4477611940145359 20.603005666756747 33.715227872347668 0.034683623173206952 -0.042872458048853472 0.89112926495940936 0.32993435447275349 0.55231192086703063 0.9597642035691657 1.1875481149165019 52.928381091595178 0.32699723807928399 12.599595833285163 0.28238733673054789 -0.10296625954844939 13.629219831329715 0.0011521681371536672 0.10726000038613594 0.06985442273445909 0.047142224560729987 1.2868656841161163 -0.0024048873984754801 0.21116946125343208 -0.0010045770851447365
decision_type=2 2 2 2 2 2 2 2 2 2 2 2 2 2 2 2 2 2 2 2 2 2 2 2 2 2 2 2 2 2
left_child=2 3 4 18 10 26 7 8 -4 -9 14 24 13 -7 -1 -11 -12 -14 19 20 -2 -16 23 -20 29 -24 27 -5 -8 -6
right_child=1 -3 6 5 11 12 28 9 -10 15 16 -13 17 -15 21 -17 -18 -19 22 -21 -22 -23 25 -25 -26 -27 -28 -29 -30 -31
leaf_value=9.7362095352255856e-06 0.0041031468097755324 0.00620988584571955 0.0049484813422431924 0.00065172908092020769 3.0568140109033441e-05 -0.00016625349590191818 0.0001277062422956154 0.0001436207352696874 0.0010158349921958831 -0.00030957142157305687 -3.0885512029558781e-05 0.00043262436572314355 -0.00043391928372410612 0.0017647892620290533 0.0043508781902853264 0.0013970409885675321 0.00057595186709170855 -0.0017323723847364504 0.00028154419444032137 0.00068386603412847738 0.001280969598522535 0.0010473338877908351 0.0035782233986053208 0.00084379263468502611 0.00167221757524302 0.00089724009693708476 0.0021365118208732806 8.3701023753019344e-05 -0.0012151647393527625 -0.00020160033992149657
leaf_weight=1591 294 151 316 3161 14718 1491 12984 8453 518 517 30625 3581 3630 455 104 2715 3852 894 16208 2091 610 1881 132 4076 280 2653 236 12794 457 151576
leaf_count=1591 294 151 316 3161 14718 1491 12984 8453 518 517 30625 3581 3630 455 104 2715 3852 894 16208 2091 610 1881 132 4076 280 2653 236 12794 457 151576
internal_value=7.22794e-08 0.000333887 -6.95809e-05 0.000315562 -0.000116945 4.70701e-05 0.000310102 0.000554959 0.00251231 0.000414807 9.77926e-05 -0.000164998 -0.000397804 0.000282748 0.000684701 0.0011225 3.67709e-05 -0.000691648 0.000548805 0.00114463 0.00220468 0.00122315 0.000471229 0.000394776 -0.000177876 0.00102623 0.000225154 0.000196555 8.16673e-05 -0.000181022
internal_weight=283044 48876 234168 48725 208208 22661 25960 12519 834 11685 38053 170155 6470 1946 3576 3232 34477 4524 26064 2995 904 1985 23069 20284 166574 2785 16191 15955 13441 166294
internal_count=283044 48876 234168 48725 208208 22661 25960 12519 834 11685 38053 170155 6470 1946 3576 3232 34477 4524 26064 2995 904 1985 23069 20284 166574 2785 16191 15955 13441 166294
is_linear=0
shrinkage=0.05


Tree=10
num_leaves=31
num_cat=0
split_feature=16 0 21 2 12 22 9 6 6 9 8 19 21 18 8 12 5 21 18 11 16 19 18 1 5 21 9 1 18 21
split_gain=2.12224 1.24229 2.14053 1.49022 1.23879 1.4998 0.871259 0.75135 0.738514 0.906469 0.948196 0.725946 0.499033 0.495398 0.455398 0.439099 0.428575 0.537212 0.362608 0.359779 0.350378 0.321324 0.295106 0.309939 0.294056 0.271282 0.257594 0.241138 0.238538 0.23713
threshold=-0.75830938142479565 -0.090298180997135255 23.498652925643359 -0.13228015401697038 96.075836690349533 0.0077178679559733654 -0.026991409979735311 0.29771619396594245 3.1055860692018573 0.026104663169529089 0.4477611940145359 1.3196352844466961 30.086196744581326 0.00062813771150805296 0.13468013467559983 84.180956259078798 0.99704440653738213 16.429108013495881 -0.00019879859756873809 49.944771687389014 -6.9647669828672569 1.7148980788610173 -0.0012765616804425895 0.075795399685422052 0.74949258129786911 32.314342092890229 0.06985442273445909 -0.097650738475590623 0.0031718403258838824 59.33898364917615
decision_type=2 2 2 2 2 2 2 2 2 2 2 2 2 2 2 2 2 2 2 2 2 2 2 2 2 2 2 2 2 2
left_child=1 2 3 16 6 -6 22 19 9 -3 14 12 20 18 -11 -13 -1 -18 -9 -8 -10 -12 24 -24 -2 -26 -15 -5 -17 -14
right_child=4 8 -4 27 5 -7 7 13 11 10 21 15 29 26 -16 28 17 -19 -20 -21 -22 -23 23 -25 25 -27 -28 -29 -30 -31
leaf_value=0.0018068734881449393 -0.00018854519450941205 0.00010824029879751949 7.523864168530831e-05 -0.00025169541611591231 0.0081603928167403115 -8.0894370897423629e-05 -0.00042355982111917943 -5.8700927914670371e-05 -0.00021453276686882566 0.00012577190670090706 0.00038517862040624712 -0.00077308843354073154 -0.0010165768411808491 2.7813179289154252e-05 0.0014191181849203902 -2.8625049464590048e-05 0.0064974398085581621 0.0033813130489406228 -0.00021149700428930453 0.00097985335930193883 -0.0032198693448920014 -0.00082196270466767033 6.2280654425986268e-05 0.000931758476894755 0.00098716347903453675 0.00020650528187774603 0.00075167172771900168 0.0015620138180405566 0.0015049654128793787 0.0012315213392157466
leaf_weight=169 1185 32119 2289 223 101 119 565 62920 129 844 10269 783 583 33414 3713 458 250 336 101859 2287 441 580 18673 1086 2930 1824 1277 922 551 145
leaf_count=169 1185 32119 2289 223 101 119 565 62920 129 844 10269 783 583 33414 3713 458 250 336 101859 2287 441 580 18673 1086 2930 1824 1277 922 551 145
internal_value=8.34122e-08 0.000279503 0.00110726 0.00234787 -6.69879e-05 0.00368188 -7.06284e-05 -0.000105477 0.000210896 0.000259667 0.000575039 -0.000537583 -0.0014383 -0.00011702 0.00118068 0.000112085 0.00407497 0.00472013 -0.000153183 0.00070007 -0.00254864 0.000320176 0.000203544 0.000110327 0.000512827 0.000688705 5.46051e-05 0.00120442 0.000803957 -0.000561835
internal_weight=283044 54804 4189 1900 228240 220 228020 202322 50615 47525 15406 3090 1298 199470 4557 1792 755 586 164779 2852 570 10849 25698 19759 5939 4754 34691 1145 1009 728
internal_count=283044 54804 4189 1900 228240 220 228020 202322 50615 47525 15406 3090 1298 199470 4557 1792 755 586 164779 2852 570 10849 25698 19759 5939 4754 34691 1145 1009 728
is_linear=0
shrinkage=0.05


Tree=11
num_leaves=31
num_cat=0
split_feature=4 21 2 16 10 18 21 8 5 10 18 18 12 15 9 8 9 4 18 4 17 9 17 18 10 22 12 2 12 19
split_gain=2.33346 1.71973 1.50126 1.07303 1.01723 0.864852 0.899261 0.76846 0.767774 0.650163 0.542253 0.540825 0.534582 0.525065 0.454211 0.431535 0.395457 0.355352 0.318087 0.314204 0.422705 0.302027 0.296941 0.684694 0.369742 0.291095 0.282542 0.280854 0.243684 0.23317
threshold=0.040484605923885635 144.69060007342094 -0.20823270502063232 -0.43590390910569138 0.17129665401142349 -0.0017812834554608739 23.498652925643359 0.72774622494489438 1.1318495771524508 0.23657311096268288 -0.00022666452668362511 0.0024453708546159172 43.780590645222233 -0.55302781860340533 -0.019799219185722857 0.99999999999566647 0.075925461097241534 0.062953665626560559 0.00032317385708954279 0.03376415347360421 -0.24577725845096496 -0.021864211737633085 0.49615985023441972 0.0025976981296305071 0.45238464975645348 -0.0068972262962527118 73.623838841932937 -0.3065608928803808 53.463391283388852 1.4296078304082689
decision_type=2 2 2 2 2 2 2 2 2 2 2 2 2 2 2 2 2 2 2 2 2 2 2 2 2 2 2 2 2 2
left_child=2 7 5 4 8 6 13 12 16 10 14 -10 27 -1 -5 22 -4 25 -12 26 -21 -19 23 -9 -24 -14 -7 -2 -11 -17
right_child=1 -3 3 9 -6 19 -8 15 11 28 18 -13 17 -15 -16 29 -18 21 -20 20 -22 -23 24 -25 -26 -27 -28 -29 -30 -31
leaf_value=0.0061111050867488645 -0.00057944656914389863 0.0067131931475510088 -5.5531649617496739e-05 0.00016260145635327649 -0.0011281335004603413 0.00012279840743621814 0.00068058243062351146 0.00015538417459191531 0.00023724653481052633 -0.00042891095633065183 -0.00026570133626212613 0.00087619941182283465 0.0014727349024448461 0.0017595984622507323 -0.00011797955566499334 -0.0015889849520175602 0.0027838643636220297 0.0020386781959228985 -9.4557568223449734e-05 -0.00060777118998400141 0.0022824886930448793 0.00085864765275254031 -0.00014439706405527762 0.0017062262160104074 -0.0028242359343987351 0.00057775251413972196 0.0007675447048065471 0.00037557888848167116 0.00086720773669251401 0.00082790896652882575
leaf_weight=178 1001 109 28669 21679 1613 4633 376 6067 28100 429 75563 3764 1024 120 43072 548 123 974 42545 169 475 1275 2513 808 136 8767 2705 3301 2189 119
leaf_count=178 1001 109 28669 21679 1613 4633 376 6067 28100 429 75563 3764 1024 120 43072 548 123 974 42545 169 475 1275 2513 808 136 8767 2705 3301 2189 119
internal_value=8.49377e-08 0.000445471 -4.61745e-05 -6.88075e-05 0.000110739 0.000601026 0.00232263 0.000419509 0.000143768 -0.000129112 -0.000140336 0.000312884 0.000632044 0.00437677 -2.39621e-05 7.82007e-05 -4.32184e-05 0.000803081 -0.000204094 0.000455 0.00151628 0.00137199 0.000164768 0.0003384 -0.000283969 0.00067188 0.000361159 0.000152191 0.0006529 -0.00115023
internal_weight=283044 26642 256402 247746 62269 8656 674 26533 60656 185477 182859 31864 16342 298 64751 10191 28792 12040 118108 7982 644 2249 9524 6875 2649 9791 7338 4302 2618 667
internal_count=283044 26642 256402 247746 62269 8656 674 26533 60656 185477 182859 31864 16342 298 64751 10191 28792 12040 118108 7982 644 2249 9524 6875 2649 9791 7338 4302 2618 667
is_linear=0
shrinkage=0.05


Tree=12
num_leaves=31
num_cat=0
split_feature=0 18 21 12 21 6 2 21 6 5 1 9 9 1 5 2 18 15 15 1 8 11 11 18 9 19 0 8 18 3
split_gain=1.53892 1.09279 1.13455 1.60587 0.944428 2.68564 0.881589 0.965906 0.612305 1.09427 0.804782 0.767048 0.603985 0.540021 0.524131 0.519343 0.539268 0.502898 0.48396 0.47276 0.45957 0.426713 0.374369 0.310706 0.300194 0.259758 0.254952 0.24766 0.218739 0.215707
threshold=-0.077144234743077508 0.00062813771150805296 144.69060007342094 84.180956259078798 26.635117419457092 1.1638162545667681 -0.1894788453628953 18.021986543985129 3.1055860692018573 1.2137767550593361 0.301709064054062 0.10757496521691347 -0.075287518710729459 0.34829171329026759 1.1678704614970858 -0.45475970541076222 -0.00024114356100690765 -0.70696579139435023 -5.7601547176023464 0.17099563952097865 0.47856480657619344 51.235397451529543 52.928381091595178 -0.0025616427219308812 0.039172509115046557 1.3196352844466961 -0.04309685972074611 0.02102102102064209 0.00034202765956425663 0.043543700667580711
decision_type=2 2 2 2 2 2 2 2 2 2 2 2 2 2 2 2 2 2 2 2 2 2 2 2 2 2 2 2 2 2
left_child=4 13 8 -4 5 19 7 -7 9 11 25 -3 -8 15 -9 22 26 -18 -12 27 -11 -15 -2 -14 -23 -10 -17 -1 -6 -29
right_child=1 2 3 -5 28 6 12 14 10 20 18 -13 23 21 -16 16 17 -19 -20 -21 -22 24 -24 -25 -26 -27 -28 29 -30 -31
leaf_value=0.00072085871919487596 -0.00038736333655794595 7.8744836723003086e-06 7.2419172173993472e-05 0.0084281927631918128 -6.5250169693343402e-05 0.0053248447650484938 -0.00054454697309115477 -0.00039401277495141452 -0.00083878566566177113 0.00086373303084228662 0.00022591911685770203 0.0019543498534574854 0.003273265921146463 -0.0009049272349888793 0.0032460599512255553 0.00013221603739986255 0.0001332638443412002 -0.00019405759122174742 -0.0028213318446643856 0.0021655662431949189 0.00032155119900069223 0.0015573087667758148 0.0011590197247058839 0.0015056676613968375 0.00024665724926521807 0.00034069590336249323 -6.2022200242703275e-05 0.0002263726385382317 0.001110893278050702 -0.00054024843149997324
leaf_weight=2023 539 37769 138 100 6693 400 284 157 728 6103 170 513 350 344 257 26562 13026 116851 519 334 11006 1053 1389 940 764 1296 46396 4787 420 1133
leaf_count=2023 539 37769 138 100 6693 400 284 157 728 6103 170 513 350 344 257 26562 13026 116851 519 334 11006 1053 1389 940 764 1296 46396 4787 420 1133
internal_value=8.81774e-08 -3.00765e-05 0.000161017 0.00360631 0.000450455 0.000748073 0.00222557 0.00356606 0.000146812 0.000182803 -0.000586144 3.4094e-05 0.00152896 -8.39793e-05 0.00185381 -9.2299e-05 -0.000100084 -0.00016119 -0.00206229 0.000321175 0.000515251 0.000701998 0.000724115 0.00198934 0.00100901 -8.10947e-05 8.62615e-06 0.000242963 3.50907e-06 7.88015e-05
internal_weight=283044 265266 58342 238 17778 10665 2388 814 58104 55391 2713 38282 1574 206924 414 204763 202835 129877 689 8277 17109 2161 1928 1290 1817 2024 72958 7943 7113 5920
internal_count=283044 265266 58342 238 17778 10665 2388 814 58104 55391 2713 38282 1574 206924 414 204763 202835 129877 689 8277 17109 2161 1928 1290 1817 2024 72958 7943 7113 5920
is_linear=0
shrinkage=0.05


Tree=13
num_leaves=31
num_cat=0
split_feature=4 21 6 8 8 12 19 1 21 10 16 9 1 1 8 2 1 9 5 12 15 1 21 21 9 3 2 18 12 3
split_gain=2.0809 1.56504 1.22158 0.994901 0.672816 0.618556 0.851824 0.583402 0.51098 1.18648 0.46602 0.442319 0.440028 0.424364 0.418176 0.415126 0.394369 0.391486 0.431916 0.372481 0.364606 0.353947 0.326788 0.317146 0.280388 0.316636 0.256778 0.247215 0.246809 0.200143
threshold=0.033214467372529928 144.69060007342094 1.5237853611320997 0.65286071772879517 0.035295176957147303 93.800930645865037 1.3956376883767787 0.17099563952097865 19.088833662878191 -0.08195681922015173 -6.9647669828672569 0.024254835872286388 0.63320990679481237 0.301709064054062 0.37518910740875366 0.55231192086703063 -0.47201113356933072 -0.042872458048853472 0.95705406025887785 67.059409183235871 -0.19251675858063014 0.10398730303480831 13.629219831329715 19.437044399007963 0.06485729992823254 0.029603299629724609 0.096616822157277751 -0.0025616427219308812 75.919567170935593 0.026471251673719203
decision_type=2 2 2 2 2 2 2 2 2 2 2 2 2 2 2 2 2 2 2 2 2 2 2 2 2 2 2 2 2 2
left_child=2 3 4 15 17 12 10 8 9 -4 -7 27 23 24 -13 16 -2 18 -1 29 -14 -18 -20 -5 25 -6 -11 -10 -15 -19
right_child=1 -3 7 5 13 6 -8 -9 11 26 -12 14 20 28 -16 -17 21 19 22 -21 -22 -23 -24 -25 -26 -27 -28 -29 -30 -31
leaf_value=-3.0084711787921906e-05 0.0027964730358155877 0.005379444717602622 0.0043510678641929873 -0.00010854868099151936 -0.00013257111988627509 0.00073282957914516623 0.0019877152548434212 -0.00067546097155263209 0.00088945748833541927 0.0011088989290129511 -0.0029427660979227045 0.0010360836550847802 -0.00064383872205986197 3.1894708341009298e-05 0.00031841306998140286 0.0036349743197483329 0.00037847575957260232 2.3960247291896746e-05 0.0038167318245034814 0.00059961419345848507 0.0025536399091482713 0.00087555066028948694 0.00092041437793668264 0.00028065083735798576 0.0012393561056751564 -0.00035907318298768979 -0.00070727341687316144 2.2425251903922346e-05 0.0012180084407689778 -0.00045067763990500162
leaf_weight=1576 183 151 257 12520 150797 103 146 1558 882 549 471 2839 121 891 7247 105 21450 29373 104 2702 316 4326 1896 8984 360 17226 298 12330 881 2402
leaf_count=1576 183 151 257 12520 150797 103 146 1558 882 549 471 2839 121 891 7247 105 21450 29373 104 2702 316 4326 1896 8984 360 17226 298 12330 881 2402
internal_value=9.30591e-08 0.000296856 -6.18267e-05 0.000280992 -0.000102169 3.84454e-05 -0.00140311 0.000261536 0.000321568 0.00137371 -0.00227449 0.00027149 8.59844e-05 -0.000144685 0.000520926 0.000491678 0.000478757 8.78124e-05 0.000585863 3.60074e-05 0.00165691 0.000462097 0.00107371 5.38202e-05 -0.000152809 -0.000155822 0.000464004 8.06909e-05 0.000624462 -1.17635e-05
internal_weight=283044 48876 234168 48725 208208 22661 720 25960 24402 1104 574 23298 21941 170155 10086 26064 25959 38053 3576 34477 437 25776 2000 21504 168383 168023 847 13212 1772 31775
internal_count=283044 48876 234168 48725 208208 22661 720 25960 24402 1104 574 23298 21941 170155 10086 26064 25959 38053 3576 34477 437 25776 2000 21504 168383 168023 847 13212 1772 31775
is_linear=0
shrinkage=0.05


Tree=14
num_leaves=31
num_cat=0
split_feature=4 21 16 18 21 8 1 8 5 6 17 18 8 18 11 9 9 17 18 1 19 16 22 6 9 19 11 4 1 19
split_gain=1.93264 1.32287 1.14163 0.997482 1.12517 0.953037 0.858945 0.622592 0.57497 0.542356 0.537608 0.44197 0.408769 0.407161 0.394421 0.321036 0.30745 0.298015 0.526515 0.289713 0.404068 0.282808 0.269267 0.267995 0.260519 0.322538 0.258944 0.238876 0.2332 0.203231
threshold=0.040484605923885635 105.97359927789948 -0.43590390910569138 -0.0017812834554608739 24.633562114118508 0.0047675804528822122 0.26666666666666677 0.6785714285269987 1.1236987970028236 0.34193626531065696 0.048002484256724078 -0.00056492901149715852 0.99999999999566647 0.0011521681371536672 68.058677789592394 0.075925461097241534 -0.019799219185722857 0.49615985023441972 0.0037503908576020433 0.11796212496371318 1.1912471428989317 -6.9647669828672569 -0.0050992262477238563 1.386926840300285 0.016821868428955392 0.79475068770844526 72.744494478877229 0.02412585502210858 0.301709064054062 1.4296078304082689
decision_type=2 2 2 2 2 2 2 2 2 2 2 2 2 2 2 2 2 2 2 2 2 2 2 2 2 2 2 2 2 2
left_child=2 7 3 4 5 23 8 10 15 14 24 16 17 -10 -4 -5 -11 18 -9 22 -21 -19 -12 -1 -2 -26 -8 -16 -13 -14
right_child=1 -3 9 6 -6 -7 26 12 13 11 19 28 29 -15 27 -17 -18 21 -20 20 -22 -23 -24 -25 25 -27 -28 -29 -30 -31
leaf_value=0.0023222736436463386 -0.00020039236325552522 0.0055586770516846528 7.0775805318652597e-05 -6.5040374514742122e-05 0.00034501592834432871 0.00094179991159472744 0.0009987019029942311 0.00023389889355630262 0.00014425088690454173 0.00021736639944753479 0.0011891695687494528 -0.00016038646881736979 -0.0014979592032693281 0.0005397304327637982 0.00071822533566970597 0.0023166563866745533 -7.6327508744981854e-05 0.0020844266327063768 0.0018438799022988618 0.0017045731625108741 0.00041850889557641332 -0.00033934174122503085 0.00048426455788316315 0.0046829277985275105 -2.9568953218930108e-05 0.0022013894859141971 -0.0016565004428453025 0.0021411031829273648 0.00068757531644243622 0.00075649573709055281
leaf_weight=211 2545 124 2489 28487 2870 710 100 7717 23547 14426 1698 147512 548 9025 1187 142 23280 125 545 1646 990 2911 7020 320 374 280 881 402 813 119
leaf_count=211 2545 124 2489 28487 2870 710 100 7717 23547 14426 1698 147512 548 9025 1187 142 23280 125 545 1646 990 2911 7020 320 374 280 881 402 813 119
internal_value=9.95053e-08 0.000405435 -4.19984e-05 0.000136634 0.000891061 0.00214971 8.66748e-05 0.000381128 0.000110279 -0.000104316 0.000600883 -0.000116841 0.000113421 0.000253985 0.000465832 -5.30444e-05 3.5905e-05 0.000184812 0.000340727 0.000762207 0.0012235 -0.000237837 0.000622144 0.00375492 2.67353e-05 0.000918128 -0.00138067 0.00108146 -0.000155704 -0.00108819
internal_weight=283044 26642 256402 66293 4111 1241 62182 26518 61201 190109 14553 186031 11965 32572 4078 28629 37706 11298 8262 11354 2636 3036 8718 531 3199 654 981 1589 148325 667
internal_count=283044 26642 256402 66293 4111 1241 62182 26518 61201 190109 14553 186031 11965 32572 4078 28629 37706 11298 8262 11354 2636 3036 8718 531 3199 654 981 1589 148325 667
is_linear=0
shrinkage=0.05


Tree=15
num_leaves=31
num_cat=0
split_feature=0 18 21 12 21 6 2 21 6 9 8 1 9 10 15 1 18 15 1 11 11 18 19 7 18 6 19 12 21 18
split_gain=1.20268 0.903489 0.86286 1.38273 0.803986 2.2415 0.730522 0.854179 0.554924 0.763076 1.05808 0.655499 0.530583 0.466185 0.426826 0.426321 0.463877 0.410606 0.39957 0.38279 0.367542 0.344437 0.336352 0.276489 0.252151 0.244642 0.243866 0.240274 0.230593 0.192312
threshold=-0.077144234743077508 0.00061181627504390253 144.69060007342094 84.180956259078798 26.912726305000767 1.1638162545667681 -0.1894788453628953 18.021986543985129 3.1055860692018573 0.022550745421283439 0.48346871847722322 0.301709064054062 -0.075287518710729459 -0.25769053251710755 -5.7601547176023464 0.34829171329026759 -0.00024114356100690765 -0.70696579139435023 0.17099563952097865 59.18947835610485 51.235397451529543 -0.0016251258451398115 0.68618827861923604 0.96652252686678108 -0.0025616427219308812 0.9343966210353396 0.95382415606700355 83.654267430217331 40.857808154902692 0.00034202765956425663
decision_type=2 2 2 2 2 2 2 2 2 2 2 2 2 2 2 2 2 2 2 2 2 2 2 2 2 2 2 2 2 2
left_child=4 13 8 -4 5 18 7 -7 9 22 -11 27 -8 19 -13 16 28 -18 25 -2 -17 -9 -3 -22 -14 26 -1 -10 -15 -6
right_child=1 2 3 -5 29 6 12 21 11 10 -12 14 24 15 -16 20 17 -19 -20 -21 23 -23 -24 -25 -26 -27 -28 -29 -30 -31
leaf_value=0.00027375063798000787 -0.00012024913429867313 0.00034119002358131301 -5.5794674241461302e-06 0.0075886988402302834 -8.6090521028959991e-05 0.0048838981730598436 -0.00055652733162721096 0.0035662640271366913 -0.00084631677087955253 0.00089653178825874224 0.00016424487411861155 0.00024770598355171769 0.0029524561302938174 7.9190464547518094e-05 -0.0026053195968053487 -0.00087350574970224831 0.00012060972737318074 -0.00017707548368524917 0.0019756563940007839 0.0014154489424653093 0.0017952585733274325 0.00056635971082394463 -6.6206421027226628e-05 0.00046653360298404099 0.0013723621586453065 0.00074545627024481483 -0.00039616825665601081 0.00028955034221801214 -0.00010435738085492414 0.0010171708971268157
leaf_weight=4385 699 6252 144 101 6565 400 287 151 718 7053 16489 171 356 45604 521 343 12846 116186 334 949 591 275 26696 1206 961 1679 1965 1317 27380 420
leaf_count=4385 699 6252 144 101 6565 400 287 151 718 7053 16489 171 356 45604 521 343 12846 116186 334 949 591 275 26696 1206 961 1679 1965 1317 27380 420
internal_value=1.07402e-07 -2.6557e-05 0.000145085 0.00310654 0.000398247 0.000668757 0.0020058 0.00321839 0.000132743 0.000166441 0.000383848 -0.000563464 0.00137807 -7.61732e-05 -0.00189315 -8.29566e-05 -9.04148e-05 -0.0001474 0.000279642 0.00076108 0.000618739 0.00164203 1.09475e-05 0.000906384 0.00180347 0.000208443 6.56547e-05 -0.000108778 1.02638e-05 -1.90233e-05
internal_weight=283044 265266 59462 245 17778 10793 2430 826 59217 56490 23542 2727 1604 205804 692 204156 202016 129032 8363 1648 2140 426 32948 1797 1317 8029 6350 2035 72984 6985
internal_count=283044 265266 59462 245 17778 10793 2430 826 59217 56490 23542 2727 1604 205804 692 204156 202016 129032 8363 1648 2140 426 32948 1797 1317 8029 6350 2035 72984 6985
is_linear=0
shrinkage=0.05


Tree=16
num_leaves=31
num_cat=0
split_feature=4 21 2 6 10 22 18 21 0 9 7 18 10 9 18 19 17 17 12 19 4 9 2 18 0 11 18 21 15 11
split_gain=1.70756 1.10969 0.980806 0.674241 0.860747 0.627064 0.571008 0.592255 0.493392 0.462548 0.505996 0.477972 0.460606 0.455621 0.442669 0.368823 0.32786 0.307248 0.477927 0.354921 0.301887 0.2897 0.283815 0.556382 0.309695 0.223679 0.219588 0.201534 0.679798 0.200019
threshold=0.039482332013882286 144.69060007342094 -0.20823270502063232 1.2578079442608303 0.13803818357384315 0.0052277078430432392 -0.0017812834554608739 26.210038998057826 -0.1346019740371204 0.027496987746198246 0.99999999996683242 -0.0010045770851447365 0.15757287592093186 -0.024661049428391642 0.001911248070717817 1.3408602713700091 0.77837973943751393 0.48709308451921368 55.631029089389756 0.62614217205171785 0.057369348423783745 0.06485729992823254 0.6964416516679921 0.0037503908576020433 0.32699723807928399 71.043449517127996 -0.0002127455091851283 14.227388432472674 -0.097260755958166287 58.541020520331088
decision_type=2 2 2 2 2 2 2 2 2 2 2 2 2 2 2 2 2 2 2 2 2 2 2 2 2 2 2 2 2 2
left_child=2 5 6 12 9 14 7 8 -1 11 -11 -5 13 26 17 -16 22 18 -2 -19 -18 -15 24 -24 -7 27 -4 28 -8 -14
right_child=1 -3 3 4 -6 16 25 -9 -10 10 -12 -13 29 21 15 -17 20 19 -20 -21 -22 -23 23 -25 -26 -27 -28 -29 -30 -31
leaf_value=0.0048247336190381917 0.00019834708096561353 0.005355012390538749 0.00019479068863105693 0.00052345358417059536 -0.00073397343530057094 -1.4369398272775054e-05 0.0048232150946110018 0.00037486296138610219 0.00074246897819356568 0.0005324082220187189 -0.0002111095061898776 -2.8019450569937755e-05 -0.00019744012519262168 -0.00014177059198014971 0.0017470730723443033 0.00013669900922328397 -0.00039904607854886036 0.00052026986907023956 0.00074351210487708271 -0.00043546483928779637 -0.0039627628899285344 0.00176000111835159 0.00036556279005670988 0.004385225750160749 -0.0013517762728653614 0.00080828745120257095 -0.00015113775834988761 0.00013056457171248975 -6.2860177079434115e-05 0.00072070678878656492
leaf_weight=214 7196 111 16468 4577 2881 5310 101 328 118 11850 2825 27671 777 169604 1169 521 153 1822 9197 2080 101 200 645 100 472 2104 6343 5467 234 2405
leaf_count=214 7196 111 16468 4577 2881 5310 101 328 118 11850 2825 27671 777 169604 1169 521 153 1822 9197 2080 101 200 645 100 472 2104 6343 5467 234 2405
internal_value=1.09538e-07 0.000364473 -4.12678e-05 -5.96292e-05 0.000104582 0.000345023 0.000484595 0.00189919 0.00338952 0.000156176 0.000388937 5.00982e-05 -0.000101424 -0.000111303 0.000474703 0.00125362 -7.46811e-05 0.000409589 0.00050451 9.52649e-06 -0.00183679 -0.0001395 -5.3149e-06 0.000912342 -0.000124432 0.000365849 9.83798e-05 0.000204533 0.00139633 0.000494938
internal_weight=283044 28877 254167 245601 49804 28766 8566 660 332 46923 14675 32248 195797 192615 21985 1690 6781 20295 16393 3902 254 169804 6527 745 5782 7906 22811 5802 335 3182
internal_count=283044 28877 254167 245601 49804 28766 8566 660 332 46923 14675 32248 195797 192615 21985 1690 6781 20295 16393 3902 254 169804 6527 745 5782 7906 22811 5802 335 3182
is_linear=0
shrinkage=0.05


Tree=17
num_leaves=31
num_cat=0
split_feature=4 1 5 0 8 19 11 0 0 8 19 8 1 17 9 18 1 4 0 1 11 2 1 9 15 18 18 6 3 17
split_gain=1.57126 1.13672 0.897505 0.784983 0.739475 0.553671 0.556508 0.508579 0.492705 0.64151 0.572968 0.479686 0.432229 0.391104 0.486891 0.369445 0.348866 0.51163 0.371969 0.339083 0.338576 0.326468 0.321256 0.319734 0.295392 0.28331 0.281257 0.265415 0.248747 0.231327
threshold=0.03349005668861977 -0.47201113356933072 1.2084305253073504 -0.10194363643232217 0.65286071772879517 1.0085526298368264 36.277116321966794 0.099612826887936837 0.029293601796930639 0.4477611940145359 0.96683052085952015 0.064935064930848441 0.63320990679481237 0.33279778173813929 0.10757496521691347 0.00033245049795478302 0.10711265150593853 0.062953665626560559 0.21116946125343208 0.19249508214708369 62.424166605975792 -0.22154025892424692 0.34829171329026759 0.06985442273445909 0.18252579314999381 -0.0011071515831335538 0.00066159204489170463 1.2578079442608303 0.027735396693650178 0.20643563233551912
decision_type=2 2 2 2 2 2 2 2 2 2 2 2 2 2 2 2 2 2 2 2 2 2 2 2 2 2 2 2 2 2
left_child=2 -2 11 5 16 6 21 12 -5 10 -10 20 26 14 -9 -15 18 29 27 -11 25 -4 23 28 -19 -1 -6 -3 -13 -18
right_child=1 4 3 8 7 -7 -8 13 9 19 -12 22 -14 15 -16 -17 17 24 -20 -21 -22 -23 -24 -25 -26 -27 -28 -29 -30 -31
leaf_value=0.00025714094818409813 0.0041017267933606359 0.00024548886756128635 0.0047555633915863059 -1.3673690595967251e-05 4.7679872134581501e-05 0.00018190459846116066 0 -0.00010707315487661206 0.00010852501922615417 0.00019707051855656152 0.0011881387966498518 -0.00013040840871561291 0.0032989231756935279 -0.0022048167467606807 0.0019713508812831486 -0.00046621703211164792 -0.00010748172467154828 0.00086091523307001811 0.0028321920566673122 -0.00076106789136180363 0.000526082924598646 0.0021523737493609721 0.00057785336823862441 0.00137961800225242 0.0029567811127375276 -6.7408069173458156e-05 0.00054517066452347464 0.00070944366148489792 -0.00031625718513593362 0.00083016872234177141
leaf_weight=8573 192 17146 178 31148 11956 656 225 1647 1988 9887 3265 120320 111 332 339 4158 864 300 150 1017 3349 418 1510 338 408 31174 3738 3781 21236 2640
leaf_count=8573 192 17146 178 31148 11956 656 225 1647 1988 9887 3265 120320 111 332 339 4158 864 300 150 1017 3349 418 1510 338 408 31174 3738 3781 21236 2640
internal_value=1.09734e-07 0.000261596 -5.29506e-05 0.000137948 0.000245983 0.0012733 0.00213914 3.57167e-05 0.000102391 0.000326452 0.00078052 -0.00010291 0.00018883 -0.000337189 0.000245267 -0.000595933 0.000431041 0.000847291 0.000347617 0.000107242 4.32757e-05 0.00293889 -0.000146877 -0.000154625 0.00207601 2.46834e-06 0.000166494 0.000329556 -0.000158325 0.000597544
internal_weight=283044 47762 235282 48782 47570 1477 821 22281 47305 16157 5253 186500 15805 6476 1986 4490 25289 4212 21077 10904 43096 596 143404 141894 708 39747 15694 20927 141556 3504
internal_count=283044 47762 235282 48782 47570 1477 821 22281 47305 16157 5253 186500 15805 6476 1986 4490 25289 4212 21077 10904 43096 596 143404 141894 708 39747 15694 20927 141556 3504
is_linear=0
shrinkage=0.05


Tree=18
num_leaves=31
num_cat=0
split_feature=16 12 22 6 0 21 2 9 8 1 16 9 6 22 12 7 1 2 15 17 3 11 2 2 21 6 7 21 3 3
split_gain=1.18514 0.952033 1.25077 0.734821 0.806566 1.33923 0.92314 0.672224 0.677399 0.569997 0.729258 0.493563 0.429507 0.413062 0.319161 0.298065 0.275789 0.270258 0.268521 0.247985 0.234731 0.232242 0.205575 0.187834 0.177671 0.17436 0.171446 0.160511 0.25965 0.159889
threshold=-0.75830938142479565 96.075836690349533 0.0077178679559733654 2.6874629464961894 -0.10194363643232217 21.542611689842833 -0.13228015401697038 0.026104663169529089 0.4477611940145359 0.301709064054062 -6.9647669828672569 -0.025099213709908027 0.29771619396594245 0.0046188158918065558 85.367901689038646 0.99999999989304522 0.098156746947017273 -0.1818181818181818 -3.3876030710243312 0.0052315224296713815 0.043543700667580711 49.944771687389014 0.6964416516679921 0.99311295489156126 44.223192408504786 3.4615342328302057 0.99999999997045796 34.926141698060739 0.017876513830795405 0.039455413446395714
decision_type=2 2 2 2 2 2 2 2 2 2 2 2 2 2 2 2 2 2 2 2 2 2 2 2 2 2 2 2 2 2
left_child=3 11 -3 4 5 6 -1 -6 13 14 26 16 21 -9 -5 24 -2 20 -12 -8 -14 -13 -19 -10 -16 -20 -11 28 -7 -17
right_child=1 2 -4 9 7 27 19 8 23 10 18 12 17 -15 15 29 -18 22 25 -21 -22 -23 -24 -25 -26 -27 -28 -29 -30 -31
leaf_value=0.0038203656681157563 0.00010748702768602125 0.0073271578201847022 -0.00019673927873531261 -0.00043699956494791243 9.3215711701499798e-05 0.0025654625053044148 -0.00076771472085228202 0.0012891213442675553 0.00025279986493681781 -0.00045710616840639293 -0.00087324684597276997 -0.00038294750493851664 0.00017244865397374968 7.5943888583197827e-05 0.00040814298964791978 -0.00053929685264854355 0.00092336899854540948 -0.00010596604399081573 -0.0021494701184471359 0.0015489041436071197 0.0015365363556532603 0.00075311750988970596 0.00038189373329790819 0.0023084390250208177 0.0021840447689969178 -0.0042040458672492854 0.001936622247494508 -0.00033528660233968157 0.00019417510886029078 0.00067591126018661093
leaf_weight=551 28469 101 119 2766 32422 144 138 3361 9612 167 210 554 5021 898 276 664 1077 188101 248 635 338 2280 2180 113 306 200 132 894 611 456
leaf_count=551 28469 101 119 2766 32422 144 138 3361 9612 167 210 554 5021 898 276 664 1077 188101 248 635 338 2280 2180 113 306 200 132 894 611 456
internal_value=1.15225e-07 -5.00018e-05 0.00323646 0.000208927 0.000269669 0.00106847 0.00225292 0.000218384 0.000508227 -0.000343028 -0.00145078 -5.3196e-05 -8.15945e-05 0.00103451 -0.000104614 0.000432619 0.0001374 -9.04691e-05 -0.00238259 0.00112882 0.000259444 0.000529266 -0.00010035 0.000277223 0.00135067 -0.00307858 0.000583234 0.000114343 0.000653349 -4.00535e-05
internal_weight=283044 228240 220 54804 49379 2973 1324 46406 13984 5425 957 228020 198474 4259 4468 1702 29546 195640 658 773 5359 2834 190281 9725 582 448 299 1649 755 1120
internal_count=283044 228240 220 54804 49379 2973 1324 46406 13984 5425 957 228020 198474 4259 4468 1702 29546 195640 658 773 5359 2834 190281 9725 582 448 299 1649 755 1120
is_linear=0
shrinkage=0.05


Tree=19
num_leaves=31
num_cat=0
split_feature=16 12 18 21 2 6 9 1 16 22 21 12 11 16 10 12 19 5 3 21 12 19 18 18 11 3 5 15 19 3
split_gain=1.07309 1.02061 0.744696 0.950183 1.13872 0.471337 0.678514 0.562394 0.611232 0.472973 0.411038 0.45167 0.394004 0.376445 0.37926 0.459985 0.371312 0.310744 0.291564 0.280903 0.274674 0.592426 0.239527 0.285552 0.238313 0.215876 0.21358 0.181506 0.16812 0.148541
threshold=-0.53374343643461564 96.075836690349533 -0.0012305276064869966 23.498652925643359 -0.086830540599473302 2.6874629464961894 0.030707843007580119 0.34829171329026759 -6.9647669828672569 -0.0018690302360485373 13.938682065980499 38.27885659071012 61.112119842286255 0.89112926495940936 -0.05157554657272944 65.905655744764928 1.7148980788610173 0.99988592499141804 0.025118595658463066 40.634266599811902 85.367901689038646 1.2666500482927185 0.00062813771150805296 -0.00016689443716451466 70.707204705350222 0.023267848960836734 1.1446183247503199 -3.3876030710243312 1.0657565995350293 0.049163870162069377
decision_type=2 2 2 2 2 2 2 2 2 2 2 2 2 2 2 2 2 2 2 2 2 2 2 2 2 2 2 2 2 2
left_child=2 13 3 4 17 6 10 20 -9 12 11 -4 -8 14 15 18 -11 -1 -2 -5 -7 -22 23 -16 -15 -17 -12 -10 -19 -24
right_child=1 -3 5 19 -6 7 9 8 27 16 26 -13 -14 24 22 25 -18 28 -20 -21 21 -23 29 -25 -26 -27 -28 -29 -30 -31
leaf_value=0.0013171766435526447 0.00012024081578817356 0.0036250356359321654 0.0029271716237737407 0.00059506971218268017 0.00065895427581218321 -0.00047162193438000173 0.0012079959417890833 0.00055624069980155953 -0.0011279362203076094 0.00034279661058978991 -7.2718761189554087e-05 0.00046168593108860664 0.00011924380785894747 0.00010763609697430892 -3.9158592711002539e-05 0.00055813920744067123 -0.0010568717260584363 0.0041750161939584076 -0.00019752483654861502 -0.00022277215218655751 -0.00077168519990621618 0.001035482918112583 -1.4844640829479443e-06 -0.00018541563591094388 0.00087052709755143824 0.0019427388914217321 0.00015614193094401371 -0.0031886061615245768 0.0023499594688624081 0.00045154479783571363
leaf_weight=217 25476 188 200 2360 1481 2486 3027 224 165 9178 24538 2810 1160 2699 54985 1930 498 403 10067 1880 743 1157 27950 85294 1667 335 17427 358 208 1933
leaf_count=217 25476 188 200 2360 1481 2486 3027 224 165 9178 24538 2810 1160 2699 54985 1930 498 403 10067 1880 743 1157 27950 85294 1667 335 17427 358 208 1933
internal_value=1.16853e-07 -5.59462e-05 0.000169143 0.000677116 0.00149362 0.000117061 0.000157206 -0.00034213 -0.00161077 0.000463089 6.28088e-05 0.000627258 0.000907564 -5.92306e-05 -6.88972e-05 7.42709e-05 0.000270232 0.00298024 3.00977e-05 0.000231266 -0.00012489 0.00032615 -0.000100737 -0.000128123 0.000400077 0.00076521 2.22023e-05 -0.00254839 0.00356239 2.76541e-05
internal_weight=283044 212524 70520 6549 2309 63971 58838 5133 747 13863 44975 3010 4187 212336 207970 37808 9676 828 35543 4240 4386 1900 170162 140279 4366 2265 41965 523 611 29883
internal_count=283044 212524 70520 6549 2309 63971 58838 5133 747 13863 44975 3010 4187 212336 207970 37808 9676 828 35543 4240 4386 1900 170162 140279 4366 2265 41965 523 611 29883
is_linear=0
shrinkage=0.05


Tree=20
num_leaves=31
num_cat=0
split_feature=4 21 2 16 10 22 4 21 5 16 9 15 12 17 20 0 9 4 17 2 0 0 5 17 3 1 4 21 0 0
split_gain=1.34123 0.943351 0.76822 0.54597 0.639873 0.496945 0.469344 0.419399 0.404273 0.363992 0.357915 0.353225 0.347138 0.401674 0.418259 0.298455 0.289833 0.289499 0.240538 0.211708 0.42387 0.271417 0.205741 0.258545 0.193083 0.165255 0.150552 0.149704 0.148204 0.45331
threshold=0.040484605923885635 105.97359927789948 -0.20823270502063232 -0.34854613063470574 0.17129665401142349 0.0055567154634004797 0.028996647549429874 16.429108013495881 1.1318495771524508 0.89112926495940936 0.075925461097241534 -0.26980918708856999 22.951045082135476 0.49013735294097344 1.0918697094787575 0.046080851668440788 -0.014672107690068879 0.070862694611322372 0.79512056568549594 0.6964416516679921 0.25001841756298809 0.32699723807928399 1.2769910506911251 -0.22657265478444272 0.031576580889636337 -0.042734115727608039 0.034333947455205384 24.930246215730651 -0.19750710585258338 -0.1346019740371204
decision_type=2 2 2 2 2 2 2 2 2 2 2 2 2 2 2 2 2 2 2 2 2 2 2 2 2 2 2 2 2 2
left_child=2 5 6 4 8 12 28 11 10 16 -4 -8 -2 14 -14 -10 25 -15 19 21 -21 -7 23 -9 -18 -5 -11 -24 -1 -30
right_child=1 -3 3 9 -6 18 7 22 15 26 -12 -13 13 17 -16 -17 24 -19 -20 20 -22 -23 27 -25 -26 -27 -28 -29 29 -31
leaf_value=-0.00025124427677042089 -0.00037573475320581734 0.0046898979657629056 -4.2871174189393361e-05 8.8906418959319811e-05 -0.00090838162851474436 -1.8711762884346414e-05 0.0044671953688729931 -0.00053703726240676697 0.00011544093056218972 0.00029469782464301903 0.002507300664407588 0.0013728732920034322 0.00043118540434485848 -0.00012653595585851088 0.0010030957855946463 0.00043800547822881722 -0.00012921286049538702 0.0012679677479143067 -0.0018684115842980003 -0.00017566788716377702 0.0022720358478460017 -0.0012634471275371768 0.0031554245676296932 0.0010406315044919456 -0.00036336775089906983 -0.00010532475405243532 0.0015732975904735489 0.00079023909348784624 0.0023588296427604761 0.00024902435392001117
leaf_weight=1242 1232 124 33824 24395 1642 4692 155 426 24512 3706 138 245 10819 3377 4575 10177 119700 418 182 452 287 484 135 654 9534 19870 248 147 268 5384
leaf_count=1242 1232 124 33824 24395 1642 4692 155 426 24512 3706 138 245 10819 3377 4575 10177 119700 418 182 452 287 484 135 654 9534 19870 248 147 268 5384
internal_value=1.1836e-07 0.000337789 -3.49486e-05 -5.11441e-05 6.6747e-05 0.000317232 0.000428004 0.00115699 9.01443e-05 -9.78715e-05 -3.23543e-05 0.00258524 0.000435538 0.000487887 0.000601484 0.000210219 -0.000108704 2.57734e-05 -7.81991e-05 -2.22397e-05 0.000768343 -0.000136093 0.000733711 0.000413708 -0.000146526 1.6055e-06 0.000376196 0.00194095 0.000240946 0.000349989
internal_weight=283044 26642 256402 247746 70293 26518 8656 1762 68651 177453 33962 400 20421 19189 15394 34689 173499 3795 6097 5915 739 5176 1362 1080 129234 44265 3954 282 6894 5652
internal_count=283044 26642 256402 247746 70293 26518 8656 1762 68651 177453 33962 400 20421 19189 15394 34689 173499 3795 6097 5915 739 5176 1362 1080 129234 44265 3954 282 6894 5652
is_linear=0
shrinkage=0.05


Tree=21
num_leaves=31
num_cat=0
split_feature=4 1 22 11 5 0 21 1 18 19 0 8 22 19 6 18 21 2 11 3 9 6 1 9 5 18 17 19 18 21
split_gain=1.23086 0.971512 0.742001 0.704322 0.679467 0.597845 0.731257 0.514187 0.413142 0.408124 0.546846 0.561812 0.361805 0.35854 0.317096 0.316224 0.305866 0.304686 0.292536 0.278232 0.757427 0.267728 0.48938 0.461624 0.460231 0.341109 0.239011 0.234538 0.21563 0.191363
threshold=0.033214467372529928 -0.47201113356933072 0.0052277078430432392 71.375677214836017 1.2084305253073504 -0.10194363643232217 29.492194464045351 0.63320990679481237 -0.0010045770851447365 1.1705051284635222 0.023183111483168765 0.44237114726262272 -0.0062641061539818266 0.983210978971926 3.1055860692018573 0.0020041105474405811 13.938682065980499 -0.3065608928803808 71.70205960557918 0.025879183977858686 0.06985442273445909 2.1188927273525047 0.34829171329026759 0.093316119494688668 1.6580349829425283 0.0011896623110782749 0.15351906174621446 0.78290577723253241 0.00091192416329001372 30.086196744581326
decision_type=2 2 2 2 2 2 2 2 2 2 2 2 2 2 2 2 2 2 2 2 2 2 2 2 2 2 2 2 2 2
left_child=4 3 7 -2 8 6 13 12 -1 14 -11 -12 16 26 28 -14 -3 -10 -9 -19 -21 23 24 -4 -23 -25 -6 -24 -7 -16
right_child=1 2 21 -5 5 9 -8 18 17 10 11 -13 15 -15 29 -17 -18 19 -20 20 -22 22 27 25 -26 -27 -28 -29 -30 -31
leaf_value=0.00011294961833829259 0.00058678524562974749 0.0014137271234108345 -0.00014752894166011833 0.0064109028978499493 0.0038322531144697929 -5.7422480662908245e-05 -2.71152383948815e-05 0.00085119058172083918 0.00034255595649301622 8.5802231316973882e-06 0.0012126290960619 0.00029678105418134331 0.00018459379291340823 0.00087665732881043513 -0.0027550577616961931 0.0007962630003225242 0.00048590054529410213 -9.8105730662443658e-05 0.0046816219554455399 -0.00030085712086758512 0.0020749714369903988 -0.00095379615285435886 0.00067456086221856287 -0.00037039558767493842 0.00089987591338600275 0.0019796754452231502 0.0011423921391722142 -0.0017753340175259672 0.00028470010912737606 -0.00060539228337168924
leaf_weight=21865 103 1064 7111 109 323 25338 713 103 3503 8022 2517 5067 29343 311 151 2284 5658 132294 104 27620 339 666 107 226 673 466 119 859 5628 358
leaf_count=21865 103 1064 7111 109 323 25338 713 103 3503 8022 2517 5067 29343 311 151 2284 5658 132294 104 27620 339 666 107 226 673 466 119 859 5628 358
internal_value=1.16359e-07 0.000228359 0.000213532 0.00360645 -4.75016e-05 0.000118995 0.0011136 0.000313544 -9.10738e-05 8.79169e-05 0.000296997 0.000601407 0.000299979 0.00220022 -1.55912e-05 0.000228927 0.000633525 -0.000118346 0.00280113 -0.000128452 -0.000271864 -0.000167457 -0.000640997 -2.69268e-05 -1.83833e-05 0.001205 0.00311979 -0.00149875 4.59677e-06 -0.00125335
internal_weight=283044 48876 48664 212 234168 48547 1466 38556 185621 47081 15606 7584 38349 753 31475 31627 6722 163756 207 160253 27959 10108 2305 7803 1339 692 442 966 30966 509
internal_count=283044 48876 48664 212 234168 48547 1466 38556 185621 47081 15606 7584 38349 753 31475 31627 6722 163756 207 160253 27959 10108 2305 7803 1339 692 442 966 30966 509
is_linear=0
shrinkage=0.05


Tree=22
num_leaves=31
num_cat=0
split_feature=4 10 18 8 15 0 9 2 11 0 9 8 16 11 8 22 22 3 3 2 11 12 4 16 3 0 2 2 15 6
split_gain=1.13228 0.802581 0.723561 0.484455 0.464535 0.489915 0.46126 0.384058 0.367359 0.355675 0.347263 0.633918 0.335454 0.307873 0.450603 0.298059 0.293984 0.293186 0.266954 0.255084 0.208526 0.14859 0.149854 0.144442 0.141206 0.125166 0.118352 0.18398 0.109911 0.2691
threshold=0.040484605923885635 -0.54085110719002627 -0.0013225816123469327 0.99999999999566647 -0.59434183007707442 0.18529567161146113 -0.035857256478688197 -0.23985208382371501 42.364937525071639 -0.15324606905495211 0.02046838082089231 0.47856480657619344 0.89112926495940936 28.206119194249272 0.64817197207416755 -0.0070765489542747801 -0.0069838865120729838 0.030138424203372795 0.02278187001885347 0.4707410205530575 70.707204705350222 74.092436699289422 0.028807136679578644 0.38941774335946605 0.029869033855127233 -0.041055319813936834 0.99311295489156126 0.34224471302949483 -2.6671124009547573 3.1055860692018573
decision_type=2 2 2 2 2 2 2 2 2 2 2 2 2 2 2 2 2 2 2 2 2 2 2 2 2 2 2 2 2 2
left_child=2 -2 6 13 5 10 8 21 9 15 -4 -12 17 23 19 -1 -16 -9 -11 -15 -14 22 -6 -3 -25 -8 27 -5 -7 -30
right_child=1 3 4 26 7 28 25 12 -10 18 11 -13 20 14 16 -17 -18 -19 -20 -21 -22 -23 -24 24 -26 -27 -28 -29 29 -31
leaf_value=0.0029687988683146306 0.00440866215353246 -0.00047648819038665496 1.3710033765828705e-06 -9.4820773674650824e-05 -5.1455298104573396e-05 -0.00034910303323785645 0.00024893032933771532 -8.6791327468058491e-05 -0.00029084888671032167 0.0011222699266020852 0.00071104954022211655 7.0433240546236489e-05 9.0335176670182371e-05 0.0005707970810310347 0.0014197910387798087 0 0.00011818194886935783 -0.00028365674696564767 0.00021995723812034908 0.0025421442518254234 0.00090125752719461363 0.0007070206846069493 0.00086679230518028286 0.0017432731612481594 -0.00059126081091009919 -3.2692654488043498e-05 0.00037676838257075603 -0.0020162177787957677 -0.00068558583752711087 -0.0029205378257916889
leaf_weight=336 119 1583 23294 200 2253 642 8975 164857 776 1851 6019 10831 2184 11357 451 109 12026 21399 1500 168 1259 1853 551 157 106 6990 118 357 539 184
leaf_count=336 119 1583 23294 200 2253 642 8975 164857 776 1851 6019 10831 2184 11357 451 109 12026 21399 1500 168 1259 1853 551 157 106 6990 118 357 539 184
internal_value=1.19765e-07 0.000310376 -3.20987e-05 0.000291784 -5.69008e-05 9.48769e-05 0.000252505 -8.9342e-05 0.000695538 0.000898501 0.000126661 0.000299568 -0.000100375 0.000326464 0.000374412 0.00223187 0.000165642 -0.000109436 0.000719881 0.000599989 0.000388334 0.000359008 0.000127226 -0.000294238 0.000783487 0.000125314 -0.00102869 -0.00133542 -0.000836151 -0.00126161
internal_weight=283044 26642 256402 26523 235865 41509 20537 194356 4572 3796 40144 16850 189699 25848 24002 445 12477 186256 3351 11525 3443 4657 2804 1846 263 15965 675 557 1365 723
internal_count=283044 26642 256402 26523 235865 41509 20537 194356 4572 3796 40144 16850 189699 25848 24002 445 12477 186256 3351 11525 3443 4657 2804 1846 263 15965 675 557 1365 723
is_linear=0
shrinkage=0.05


Tree=23
num_leaves=31
num_cat=0
split_feature=4 21 22 5 0 21 0 21 7 6 18 19 22 11 6 21 11 18 19 0 12 6 9 16 5 10 3 9 12 9
split_gain=1.04406 0.888002 0.682895 0.579364 0.513615 0.646199 0.370448 0.629421 0.435203 0.355301 0.34732 0.315169 0.308853 0.269358 0.29052 0.265535 0.372796 0.262692 0.373663 0.308117 0.262124 0.250277 0.382669 0.352903 0.331478 0.449384 0.218377 0.425633 0.214908 0.200836
threshold=0.033214467372529928 144.69060007342094 0.0052277078430432392 1.2084305253073504 -0.10194363643232217 29.492194464045351 0.050769945764235443 37.61027264445999 0.99999999989304522 3.1055860692018573 -0.00088460945761214161 0.983210978971926 -0.0062641061539818266 71.043449517127996 0.43439010911668158 13.938682065980499 37.351218149556075 0.0020041105474405811 0.85904480859848964 0.026491074525493822 22.42682609556508 2.1188927273525047 0.093316119494688668 -0.21393371315686763 1.6844261744204816 0.45238464975645348 0.025879183977858686 0.06485729992823254 33.69918038881513 -0.020114183778822844
decision_type=2 2 2 2 2 2 2 2 2 2 2 2 2 2 2 2 2 2 2 2 2 2 2 2 2 2 2 2 2 2
left_child=3 2 12 10 5 11 -6 9 -9 -8 29 28 15 26 -15 16 -2 19 -19 -14 -17 22 -4 -24 -23 -26 -12 -28 -5 -1
right_child=1 -3 21 4 6 -7 7 8 -10 -11 13 -13 17 14 -16 20 -18 18 -20 -21 -22 24 23 -25 25 -27 27 -29 -30 -31
leaf_value=0.00026361867448460664 0.0028246077734464018 0.0040391652903439138 -0.00013945861286241782 0.0035480738900416768 8.6329945534514569e-06 -4.0049514806767489e-05 0.00017285875680700868 0.0012889922588333303 0.00018311304122157194 -0.0010507553758347279 -0.00010379631153080303 0.00081117847072364265 0.00029596045874714683 0.00078428024596212799 2.0461085386726843e-05 -0.00031261463732259348 0.00073905006812275873 0.0016745255246410945 0.00029733503419010666 -5.3766586545552498e-05 0.00061046733010143605 -0.0011496387550155255 0.0018467608287749447 -0.00065332951026035211 0.00047010176484595274 -0.0026797293144707563 -0.00028671924133792567 0.0017919504474459757 0.00091276332894538322 -2.4874863143761231e-05
leaf_weight=9921 300 151 7130 334 37171 713 5470 2309 1466 665 120346 311 20503 1373 13515 908 788 737 1521 9058 4801 1306 476 197 870 130 24895 248 108 15323
leaf_count=9921 300 151 7130 334 37171 713 5470 2309 1466 665 120346 311 20503 1373 13515 908 788 737 1521 9058 4801 1306 476 197 870 130 24895 248 108 15323
internal_value=1.17613e-07 0.00021033 0.000198353 -4.37369e-05 0.000110003 0.00103191 8.1189e-05 0.000352829 0.000860871 3.93958e-05 -8.39729e-05 0.00205343 0.000294172 -0.000111122 9.12426e-05 0.000600571 0.00131891 0.000228562 0.000749112 0.000188629 0.000462775 -0.000167178 -3.12545e-05 0.00110752 -0.000624925 5.53972e-05 -0.000131864 -0.00026601 0.00291581 8.83069e-05
internal_weight=283044 48876 48725 234168 48547 1466 47081 9910 3775 6135 185621 753 38616 160377 14888 6797 1088 31819 2258 29561 5709 10109 7803 673 2306 1000 145489 25143 442 25244
internal_count=283044 48876 48725 234168 48547 1466 47081 9910 3775 6135 185621 753 38616 160377 14888 6797 1088 31819 2258 29561 5709 10109 7803 673 2306 1000 145489 25143 442 25244
is_linear=0
shrinkage=0.05


Tree=24
num_leaves=31
num_cat=0
split_feature=4 21 18 21 20 8 8 15 1 2 5 9 16 11 8 22 2 21 19 20 18 18 19 11 8 5 21 5 16 12
split_gain=0.957012 0.733656 0.612611 0.614495 1.18216 0.446993 0.406468 0.392727 0.510936 0.337583 0.296242 0.291456 0.289569 0.272988 0.419465 0.257752 0.236738 0.212672 0.211572 0.209899 0.200327 0.200252 0.192441 0.17622 0.166123 0.150806 0.141594 0.185575 0.164769 0.129453
threshold=0.040484605923885635 144.69060007342094 -0.0013225816123469327 22.472837562358087 1.1834084929592594 0.23735208258160859 0.99999999999566647 -0.59434183007707442 0.24235089797285383 -0.23985208382371501 1.1113757596249159 0.015238675965571937 0.89112926495940936 28.206119194249272 0.64817197207416755 -0.0069838865120729838 0.4707410205530575 39.997225189086002 1.1144058492890718 1.1141049190860317 0.00036146400316616745 -0.00020573328583925834 1.0657565995350293 70.707204705350222 0.062330623305599749 1.386642413661928 14.522103362414386 0.88925645121119268 0.42087855128266699 74.092436699289422
decision_type=2 2 2 2 2 2 2 2 2 2 2 2 2 2 2 2 2 2 2 2 2 2 2 2 2 2 2 2 2 2
left_child=2 6 3 4 24 22 13 8 10 29 -4 -12 21 26 16 -16 -15 19 -8 -5 -10 -11 -6 -14 -1 -20 27 -2 -28 -9
right_child=1 -3 7 17 5 -7 18 9 20 12 11 -13 23 14 15 -17 -18 -19 25 -21 -22 -23 -24 -25 -26 -27 28 -29 -30 -31
leaf_value=0.0010209843291585693 -0.00047611333538511168 0.0043801417855134422 -0.00011342216800780026 0.00012984327727460373 0.0036683174893183297 0.00011603818793086055 -0.0017756372877055363 0.00012168825380566022 0.0009642729999043702 -2.3713000654640582e-05 2.0256158927000833e-05 0.00033455855906124889 8.7375061980136568e-05 0.00053351305300881207 0.001316561860425833 9.7705787176385355e-05 0.0024495371187249165 -8.2737302427601941e-05 0.00098280691867573891 0.00068698479146616525 -0.0011911189419931351 -0.00013578788155697188 0.0018740291181627553 0.00083311902420187445 0.00010517232035922636 -0.0012433415784608769 -0.00062445708203142606 0.0024802710157409169 0.0009510766804814941 0.00066307027366322032
leaf_weight=651 107 109 10369 6671 434 169 358 2804 118 57995 13214 16797 2184 11444 451 11962 165 7945 174 2280 1011 128261 251 1259 2136 135 1451 101 185 1853
leaf_count=651 107 109 10369 6671 434 169 358 2804 118 57995 13214 16797 2184 11444 451 11962 165 7945 174 2280 1011 128261 251 1259 2136 135 1451 101 185 1853
internal_value=1.19084e-07 0.000285356 -2.94996e-05 0.000232373 0.000821738 0.00245007 0.000268329 -5.23224e-05 8.72275e-05 -8.21521e-05 0.000116671 0.000196337 -9.24977e-05 0.000299903 0.000345002 0.000142403 0.000561197 0.000105068 -0.00094847 0.000272323 -0.00096135 -0.000100918 0.00301852 0.000361539 0.000320915 0 -0.000284877 0.000935914 -0.000443191 0.000338185
internal_weight=283044 26642 256402 20537 3641 854 26533 235865 41509 194356 40380 30011 189699 25866 24022 12413 11609 16896 667 8951 1129 186256 685 3443 2787 309 1844 208 1636 4657
internal_count=283044 26642 256402 20537 3641 854 26533 235865 41509 194356 40380 30011 189699 25866 24022 12413 11609 16896 667 8951 1129 186256 685 3443 2787 309 1844 208 1636 4657
is_linear=0
shrinkage=0.05


Tree=25
num_leaves=31
num_cat=0
split_feature=4 1 22 16 1 18 21 5 7 9 5 6 9 8 8 6 1 16 9 16 5 1 16 4 21 15 3 21 3 8
split_gain=0.879457 0.776495 0.577698 0.511008 0.447731 0.40635 0.377382 0.31372 0.431372 0.340266 0.269801 0.279731 0.322842 0.26633 0.246418 0.210107 0.381394 0.510687 0.381266 0.437011 0.372022 0.205999 0.184236 0.169575 0.153498 0.238891 0.187379 0.145826 0.144028 0.126011
threshold=0.03349005668861977 -0.47201113356933072 0.0052277078430432392 -0.43590390910569138 0.63320990679481237 -0.0034287812766287057 24.633562114118508 1.0088432984967615 0.99999999999009426 0.06985442273445909 1.0370361591719277 2.6874629464961894 0.016821868428955392 0.037713948985333708 0.0017209910183353836 2.1188927273525047 0.34829171329026759 -4.2156311107851723 0.093316119494688668 -0.26393953676819637 1.6580349829425283 0.34829171329026759 -2.6028737075820261 0.01848955481576282 28.049339569569828 -0.30171105250176405 0.027522507421663987 17.642053117190397 0.022636029879684192 0.91487714901216854
decision_type=2 2 2 2 2 2 2 2 2 2 2 2 2 2 2 2 2 2 2 2 2 2 2 2 2 2 2 2 2 2
left_child=3 -2 4 5 7 6 14 9 -9 -3 28 12 -12 24 -1 18 20 -18 29 -20 -17 -15 -13 -23 25 27 -27 -5 -7 -4
right_child=1 2 15 13 -6 10 -8 8 -10 -11 11 22 -14 21 -16 16 17 -19 19 -21 -22 23 -24 -25 -26 26 -28 -29 -30 -31
leaf_value=0.003177157015350571 0.0033697451672694691 0.00013183524423916848 -5.7967165729388465e-06 0.0024615299168191085 0.0026400008295422508 3.8550974192558635e-05 0.00038949849667342608 0.00051889429647570433 -0.00092402114105413595 0.001742345662040564 6.531184688435519e-05 -1.4195181893308936e-05 0.00038583049446362102 -0.00011658679289305201 0.0006495375804335189 -0.00086751263051129267 -0.00013047341749910284 -0.0024489926827553077 0.0019564529275627415 -0.00073064416386728695 0.00081671355077100232 -0.00011480684507816119 -0.00077553232100822662 0.00086649155463691988 -8.5397774703719184e-06 0.00025649692712763632 -0.00050349167680965119 0.00070990370841339566 -0.00023051317942417846 -0.00047663493600415946
leaf_weight=253 192 24118 4985 140 199 11470 983 12436 538 333 19230 2429 13338 144397 165 654 464 497 469 220 657 786 1191 978 24328 4940 967 939 8748 2000
leaf_count=253 192 24118 4985 140 199 11470 983 12436 538 333 19230 2429 13338 144397 165 654 464 497 469 220 657 786 1191 978 24328 4940 967 939 8748 2000
internal_value=1.24048e-07 0.000195757 0.000182834 -3.95681e-05 0.00027247 8.95029e-05 0.000930906 0.00025974 0.000458668 0.00015398 6.85141e-05 0.000150298 0.000196732 -8.16371e-05 0.00219177 -0.000155738 -0.000578198 -0.00133487 -3.00045e-05 0.00109122 -1.9661e-05 -0.000109999 -0.000266075 0.00042643 5.05832e-05 0.000257186 0.000131231 0.000942017 -7.7622e-05 -0.000141332
internal_weight=283044 47762 47570 235282 37624 57807 1401 37425 12974 24451 56406 36188 32568 177475 418 9946 2272 961 7674 689 1311 146161 3620 1764 31314 6986 5907 1079 20218 6985
internal_count=283044 47762 47570 235282 37624 57807 1401 37425 12974 24451 56406 36188 32568 177475 418 9946 2272 961 7674 689 1311 146161 3620 1764 31314 6986 5907 1079 20218 6985
is_linear=0
shrinkage=0.05


Tree=26
num_leaves=31
num_cat=0
split_feature=4 2 4 2 6 16 8 2 21 22 17 6 15 9 18 4 12 16 18 3 19 21 5 21 12 18 18 18 3 15
split_gain=0.812345 0.62166 0.535952 0.467353 0.458359 0.401807 0.399122 0.427797 0.367314 0.404629 0.366139 0.361359 0.411772 0.459141 0.304803 0.276373 0.397503 0.259514 0.253452 0.339384 0.22135 0.213925 0.213122 0.700334 0.282881 0.220809 0.203655 0.183475 0.178025 0.162385
threshold=0.044922424758398284 -0.19782344555324041 0.03376415347360421 -0.6105036352816372 1.4788270012206528 -0.34854613063470574 0.99999999999566647 -0.23985208382371501 6.2627880421946527 -0.0011003922870228818 0.0052315224296713815 2.1777604595117386 -0.70696579139435023 0.017247448081660347 -0.001981321660843536 0.024593034228375801 85.367901689038646 0.89112926495940936 -0.00019879859756873809 0.029869033855127233 1.2306007239276309 12.95436728119717 1.0920627215326169 18.021986543985129 62.018402222060637 -0.0025616427219308812 0.00032317385708954279 0.00014201119937298871 0.023584158357387853 -1.4300150428583112
decision_type=2 2 2 2 2 2 2 2 2 2 2 2 2 2 2 2 2 2 2 2 2 2 2 2 2 2 2 2 2 2
left_child=1 2 22 -2 10 11 7 21 -9 -10 -4 12 13 -3 -14 16 -13 18 19 -7 -17 -5 24 -24 28 -25 -20 -23 -1 -6
right_child=3 5 4 6 29 17 -8 8 9 -11 -12 15 14 -15 -16 20 -18 -19 26 -21 -22 27 23 25 -26 -27 -28 -29 -30 -31
leaf_value=3.1336509945861199e-05 0.0029855562442231867 7.4655363721395446e-05 -0.00013978457623512713 0.0016725241229444627 0.0020361632905930324 2.2901300202449518e-05 -0.0010408870642704127 0.0029239416645703742 0.00075303312635669503 0.00021803065879713774 0.001882962777189971 -0.00023783075643216031 0.00057756312664953668 0.0005924053591676642 -3.4703533735908402e-06 -0.0010099676544144433 0.00084091805991784061 0.00031552708548167238 -0.00018472987141602502 -0.00040968143261406551 -0.00026342667279705129 -0.00081538623647324526 0.0028279007280960001 0.0021879049036198218 0.00044926107101923108 0.00020133222658202883 -4.401297708145984e-05 0.00048041172372112017 -0.00073391075681664098 0.0049229848975755469
leaf_weight=2035 163 9418 428 115 106 61083 542 145 5243 10973 459 3254 2376 7891 44778 1496 1157 4096 70049 4897 3035 1323 311 149 2593 2490 40792 339 1202 106
leaf_count=2035 163 9418 428 115 106 61083 542 145 5243 10973 459 3254 2376 7891 44778 1496 1157 4096 70049 4897 3035 1323 311 149 2593 2490 40792 339 1202 106
internal_value=1.19838e-07 -2.2484e-05 0.000366615 0.000317316 0.00140842 -3.76181e-05 0.00029375 0.000333913 0.00041409 0.000391321 0.000901394 6.10088e-05 0.000102381 0.000310983 2.57019e-05 -0.000236682 4.40029e-05 -7.76625e-05 -8.67991e-05 -9.12955e-06 -0.000511032 -0.000401453 0.000235627 0.000582121 5.9436e-05 0.000315469 -0.000132988 -0.00054806 -0.000251293 0.00350479
internal_weight=283044 264201 9879 18843 1099 254322 18680 18138 16361 16216 887 73405 64463 17309 47154 8942 4411 180917 176821 65980 4531 1777 8780 2950 5830 2639 110841 1662 3237 212
internal_count=283044 264201 9879 18843 1099 254322 18680 18138 16361 16216 887 73405 64463 17309 47154 8942 4411 180917 176821 65980 4531 1777 8780 2950 5830 2639 110841 1662 3237 212
is_linear=0
shrinkage=0.05


end of trees

feature_importances:
Column_18=78
Column_21=75
Column_9=57
Column_8=54
Column_1=49
Column_6=47
Column_0=46
Column_4=45
Column_11=44
Column_2=43
Column_16=40
Column_12=37
Column_19=35
Column_5=33
Column_10=31
Column_22=24
Column_3=23
Column_17=20
Column_15=18
Column_7=8
Column_20=3

parameters:
[boosting: gbdt]
[objective: regression]
[metric: l2]
[tree_learner: serial]
[device_type: cpu]
[data_sample_strategy: bagging]
[data: ]
[valid: ]
[num_iterations: 1000]
[learning_rate: 0.05]
[num_leaves: 31]
[num_threads: -1]
[seed: 42]
[deterministic: 0]
[force_col_wise: 0]
[force_row_wise: 0]
[histogram_pool_size: -1]
[max_depth: 6]
[min_data_in_leaf: 100]
[min_sum_hessian_in_leaf: 0.001]
[bagging_fraction: 0.8]
[pos_bagging_fraction: 1]
[neg_bagging_fraction: 1]
[bagging_freq: 0]
[bagging_seed: 400]
[bagging_by_query: 0]
[feature_fraction: 0.8]
[feature_fraction_bynode: 1]
[feature_fraction_seed: 30056]
[extra_trees: 0]
[extra_seed: 12879]
[early_stopping_round: 0]
[early_stopping_min_delta: 0]
[first_metric_only: 0]
[max_delta_step: 0]
[lambda_l1: 0.1]
[lambda_l2: 0.1]
[linear_lambda: 0]
[min_gain_to_split: 0]
[drop_rate: 0.1]
[max_drop: 50]
[skip_drop: 0.5]
[xgboost_dart_mode: 0]
[uniform_drop: 0]
[drop_seed: 17869]
[top_rate: 0.2]
[other_rate: 0.1]
[min_data_per_group: 100]
[max_cat_threshold: 32]
[cat_l2: 10]
[cat_smooth: 10]
[max_cat_to_onehot: 4]
[top_k: 20]
[monotone_constraints: ]
[monotone_constraints_method: basic]
[monotone_penalty: 0]
[feature_contri: ]
[forcedsplits_filename: ]
[refit_decay_rate: 0.9]
[cegb_tradeoff: 1]
[cegb_penalty_split: 0]
[cegb_penalty_feature_lazy: ]
[cegb_penalty_feature_coupled: ]
[path_smooth: 0]
[interaction_constraints: ]
[verbosity: -1]
[saved_feature_importance_type: 0]
[use_quantized_grad: 0]
[num_grad_quant_bins: 4]
[quant_train_renew_leaf: 0]
[stochastic_rounding: 1]
[linear_tree: 0]
[max_bin: 255]
[max_bin_by_feature: ]
[min_data_in_bin: 3]
[bin_construct_sample_cnt: 200000]
[data_random_seed: 175]
[is_enable_sparse: 1]
[enable_bundle: 1]
[use_missing: 1]
[zero_as_missing: 0]
[feature_pre_filter: 1]
[pre_partition: 0]
[two_round: 0]
[header: 0]
[label_column: ]
[weight_column: ]
[group_column: ]
[ignore_column: ]
[categorical_feature: ]
[forcedbins_filename: ]
[precise_float_parser: 0]
[parser_config_file: ]
[objective_seed: 16083]
[num_class: 1]
[is_unbalance: 0]
[scale_pos_weight: 1]
[sigmoid: 1]
[boost_from_average: 1]
[reg_sqrt: 0]
[alpha: 0.9]
[fair_c: 1]
[poisson_max_delta_step: 0.7]
[tweedie_variance_power: 1.5]
[lambdarank_truncation_level: 30]
[lambdarank_norm: 1]
[label_gain: ]
[lambdarank_position_bias_regularization: 0]
[eval_at: ]
[multi_error_top_k: 1]
[auc_mu_weights: ]
[num_machines: 1]
[local_listen_port: 12400]
[time_out: 120]
[machine_list_filename: ]
[machines: ]
[gpu_platform_id: -1]
[gpu_device_id: -1]
[gpu_use_dp: 0]
[num_gpu: 1]

end of parameters

pandas_categorical:null
